# #Frequency(Hz) #PhaseVelocity(m/s) #BesselOrdinat #BesselAbsis #SPACCoefficient 
-1.066008022127978069e-03 1.000000000000000142e+02 -1.004688891295512330e-03 9.999997476500738225e-01 -8.523736764575240432e-01
2.958488144159945321e-01 1.000000000000000142e+02 2.788309385827615339e-01 9.806575692663459520e-01 -3.323104755759499485e-01
6.021572027079931111e-01 1.000000000000000142e+02 5.675197933000831751e-01 9.210867472813386581e-01 -1.498824996579257718e-01
8.996302821994280885e-01 1.456935348541652502e+02 5.819623818586693309e-01 9.171054287972253416e-01 0.000000000000000000e+00
1.207533803465045796e+00 9.582908925720818161e+02 1.187607861662458297e-01 9.964770759236173392e-01 1.085729513369304566e-02
1.505322901451449757e+00 2.830639569083952551e+02 5.012059557279602284e-01 9.381773121755974110e-01 8.654188476953095233e-13
1.811314317143405184e+00 3.458795500785295758e+02 4.935601209254290023e-01 9.400205660144200781e-01 1.520941150801036201e-09
2.111200215400465652e+00 2.896081660657389989e+02 6.870522171795826472e-01 8.854260973187493278e-01 0.000000000000000000e+00
2.413629418655258707e+00 3.020139821068111701e+02 7.532075565415905505e-01 8.631200075958513906e-01 0.000000000000000000e+00
2.715447430363529424e+00 2.981595751322315664e+02 8.583487243020102575e-01 8.241193176233807538e-01 0.000000000000000000e+00
3.016216205694421504e+00 2.792234126737839119e+02 1.018079671333134817e+00 7.571888967241512391e-01 -1.110223024625156540e-16
3.319212524154794064e+00 2.755191790726140084e+02 1.135414280416359167e+00 7.027651154438102621e-01 0.000000000000000000e+00
3.619606431442594197e+00 2.673590151697774218e+02 1.275961721360183487e+00 6.325705118042007635e-01 0.000000000000000000e+00
3.922224744009590758e+00 2.686078506488765925e+02 1.376210607218918636e+00 5.796959818600475600e-01 -1.110223024625156540e-16
4.223451214794495812e+00 2.560978477695433071e+02 1.554292247055489851e+00 4.813406825655379140e-01 -1.110223024625156540e-16
4.525140955822655187e+00 2.447490984017957487e+02 1.742537522234211655e+00 3.733608597930138662e-01 5.551115123125782702e-17
4.827128825952590852e+00 2.337353390832013815e+02 1.946415871518602181e+00 2.548763387628982802e-01 5.551115123125782702e-17
5.128365601964645748e+00 2.238583544216482721e+02 2.159120092928283441e+00 1.332046256840880294e-01 -2.775557561562891351e-17
5.430481986517994741e+00 2.207724972981881990e+02 2.318272772616317035e+00 4.570509637605307818e-02 -6.938893903907228378e-17
5.731843115024501500e+00 2.064128884929007199e+02 2.617149978351696493e+00 -1.048383644031235934e-01 -4.163336342344337027e-17
6.033692290290952442e+00 1.988306668908512336e+02 2.860032157454623469e+00 -2.090262134741048272e-01 2.775557561562891351e-17
6.335354771684440500e+00 1.963803711434619288e+02 3.040492880126351327e+00 -2.734736483166935739e-01 0.000000000000000000e+00
6.636950874152311108e+00 1.473478349987349532e+02 4.245178649958229578e+00 -3.699458767910862034e-01 1.110223024625156540e-16
6.938772721400452426e+00 1.548273481085367109e+02 4.223826928405356007e+00 -3.731564869592056688e-01 5.551115123125782702e-17
7.240312407063193234e+00 1.716170507732118153e+02 3.976197964930054951e+00 -3.986136034127583661e-01 0.000000000000000000e+00
7.542105791934297088e+00 1.855456032020131829e+02 3.831008184452747933e+00 -4.027592976438303385e-01 -1.043885006075212507e-02
7.843726019159234397e+00 1.685546029173824252e+02 4.385841432756365954e+00 -3.450979924033082957e-01 -5.551115123125782702e-17
8.145422028473806364e+00 1.870108265825654144e+02 4.105045436031579342e+00 -3.881439987402001690e-01 0.000000000000000000e+00
8.447127953250330279e+00 1.905337273528630533e+02 4.178383873116223945e+00 -3.794734466559695485e-01 1.110223024625156540e-16
8.748766929393076097e+00 1.790957006976721857e+02 4.603973485619444084e+00 -2.951165131574028377e-01 1.110223024625156540e-16
9.050496323794456899e+00 1.899322085271407730e+02 4.491019135089628911e+00 -3.226067417038976926e-01 2.775557561562891351e-16
9.352140729950795262e+00 1.846403677900902380e+02 4.773704195490912738e+00 -2.482120223825881600e-01 0.000000000000000000e+00
9.653845966934488487e+00 1.810418246719152364e+02 5.025653871458187538e+00 -1.691571654978157868e-01 -2.775557561562891351e-17
9.955521712419399094e+00 1.912568528751463361e+02 4.905893839235305975e+00 -2.078810516932648733e-01 2.498001805406602216e-16
1.025719815278547564e+01 1.879171847923484506e+02 5.144383958095203546e+00 -1.293009260461066290e-01 8.326672684688674053e-17
1.055889402330059390e+01 1.852382160527327244e+02 5.372284067590752166e+00 -5.078921892426827706e-02 6.938893903907228378e-18
1.086056117704128177e+01 1.931133390851764204e+02 5.300430208905406282e+00 -7.565427518420353437e-02 -8.326672684688674053e-17
1.116225659433005468e+01 2.011096964616648961e+02 5.231065025387669820e+00 -9.960853282091894356e-02 -6.800116025829083810e-16
1.146393084310796695e+01 2.057381893117988056e+02 5.251577410850288175e+00 -9.253672702296593389e-02 1.249000902703301108e-16
1.176561626415133688e+01 2.052604174162453887e+02 5.402323655825664872e+00 -4.040770089653101388e-02 1.040834085586084257e-16
1.206730012176793387e+01 2.060806111747170632e+02 5.518793038574857590e+00 -4.373154623574908588e-04 8.765774564545303349e-17
1.236897850781442010e+01 2.105199437152709265e+02 5.537474216473640354e+00 5.909677092253072701e-03 -1.543903893619358314e-16
1.267066592866296837e+01 2.168287050890860144e+02 5.507490945152772710e+00 -4.287746643413642075e-03 6.938893903907228378e-17
1.297234401264866044e+01 2.204178735041002426e+02 5.546803442310470622e+00 9.070667412393899551e-03 3.642919299551294898e-17
1.327402940276586918e+01 2.246540201137265456e+02 5.568775475393706209e+00 1.649081780281817788e-02 3.469446951953614189e-17
1.357571064713747866e+01 2.395162071123140493e+02 5.341937401711026823e+00 -6.128927478997652639e-02 0.000000000000000000e+00
1.387739285212829898e+01 2.499771828466439558e+02 5.232131381603544185e+00 -9.924122300739372793e-02 4.163336342344337027e-17
1.417907653459744566e+01 2.501483570850447222e+02 5.342215698898375997e+00 -6.119295409308390943e-02 -5.551115123125782702e-17
1.448075740422107671e+01 2.554117056582291525e+02 5.343448252961995770e+00 -6.076636154038584509e-02 9.714451465470119729e-17
1.478244133738096266e+01 2.608123721602318597e+02 5.341818187878041968e+00 -6.133053565497859072e-02 -1.040834085586084257e-16
1.508412276824594578e+01 2.620159592261743455e+02 5.425795750898760872e+00 -3.231018034324800031e-02 1.457167719820517959e-16
1.538580571204735747e+01 2.654416435266262511e+02 5.462888213658830594e+00 -1.955055406626107078e-02 2.046973701652632371e-16
1.568748819163306685e+01 2.672894357213187959e+02 5.531497815068368240e+00 3.881625494565462894e-03 8.517492267046122834e-16
1.598917029719873817e+01 2.688848663016270280e+02 5.604420282210400117e+00 2.844787899046479981e-02 1.387778780781445676e-17
1.629085326800749201e+01 2.734751914772704708e+02 5.614318213402033741e+00 3.174889854935931260e-02 8.326672684688674053e-17
1.659253524070696173e+01 2.724085860067585259e+02 5.740676633666177864e+00 7.300535202858943196e-02 1.387778780781445676e-17
1.689421806415349181e+01 2.745878359564610491e+02 5.798663787157437355e+00 9.128683867949373421e-02 1.665334536937734811e-16
1.719590034307875825e+01 2.806323318575093140e+02 5.775084484966787279e+00 8.390875880464213066e-02 -4.163336342344337027e-17
1.749758282364108908e+01 2.789688796811851148e+02 5.911441919666986955e+00 1.253990239227594505e-01 1.387778780781445676e-16
1.779926538861449359e+01 2.816155637789891557e+02 5.956848474615980216e+00 1.385259336773646266e-01 -5.551115123125782702e-17
1.810094769115729818e+01 2.876066574383084458e+02 5.931622528774451730e+00 1.312791290332775140e-01 5.551115123125782702e-16
1.840263031655171488e+01 2.926894518291325653e+02 5.925758634064986374e+00 1.295780103743305878e-01 2.775557561562891351e-17
1.870431265467826165e+01 3.022826260231529432e+02 5.831760693571889753e+00 1.015062553367458986e-01 1.526556658859590243e-16
1.900599518647554476e+01 3.110658764033294688e+02 5.758499988077327103e+00 7.867308537801750989e-02 -4.163336342344337027e-16
1.930767763595796183e+01 3.161092193034570528e+02 5.756572840804404123e+00 7.806228167924901540e-02 1.526556658859590243e-16
1.960936007083727972e+01 3.213937512654362081e+02 5.750387613098991046e+00 7.609856161509197248e-02 5.551115123125782702e-17
1.991104258397432147e+01 3.317498603547357447e+02 5.656585811994689017e+00 4.574136902586357217e-02 -1.179611963664228824e-16
2.021272499349764473e+01 3.375993760161537125e+02 5.642796124027603888e+00 4.119565558605123995e-02 -2.359223927328457648e-16
2.051440749935984087e+01 3.409296523347469474e+02 5.671074204140249542e+00 5.049611091372059601e-02 -6.245004513516505540e-17
2.081608993703395427e+01 3.470175174579995883e+02 5.653519370004019606e+00 4.473220946823180943e-02 6.245004513516505540e-17
2.111777240703359482e+01 3.502918288915112157e+02 5.681842953407730157e+00 5.401548765599058222e-02 1.318389841742373392e-16
2.141945487733021736e+01 3.527974870609347136e+02 5.722081751242424907e+00 6.704875957931295816e-02 4.163336342344337027e-17
2.172113732476905312e+01 3.471792875636735971e+02 5.896575736931970901e+00 1.210217022071006371e-01 4.996003610813204432e-16
2.202281980522311144e+01 3.512587543380596458e+02 5.909039537687974075e+00 1.246942445133172039e-01 1.110223024625156540e-16
2.232450225353263562e+01 9.182334228511242600e+02 2.291394231446463259e+00 6.019239948073343283e-02 2.983724378680108202e-16
2.262618472567525174e+01 9.104094157908100442e+02 2.342317241453484744e+00 3.285882932787698857e-02 4.848751955499608357e-11
2.292786718548796543e+01 9.162991790233495522e+02 2.358291508757620836e+00 2.438602379195314168e-02 6.747866154732662380e-13
2.322954964669205680e+01 1.036884140918212580e+02 2.111454297631218679e+01 1.683515878709921504e-02 -1.075528555105620399e-16
2.353123211441601370e+01 1.227235866619817699e+02 1.807123177002129566e+01 3.150114292563036488e-05 3.043084447623689570e-16
2.383291457169957894e+01 1.516883978145420713e+02 1.480798342078075969e+01 2.543257455458166824e-02 -1.491862189340054101e-16
2.413459703962360692e+01 1.897411461089005229e+02 1.198808075822118369e+01 4.502134159953974368e-02 -5.551115123125782702e-17
2.443627949931901355e+01 1.924577649601360747e+02 1.196659997148392485e+01 4.019053262291084200e-02 1.318389841742373392e-16
2.473796196361498190e+01 1.945098550257481804e+02 1.198652884082230941e+01 4.467329085577031317e-02 1.318389841742373392e-16
2.503964442693792236e+01 2.002194919000991433e+02 1.178671900027878650e+01 -1.119620381643233933e-03 1.572093150103981429e-16
2.534132688846151993e+01 2.013928485340539680e+02 1.185922841319954912e+01 1.567915092024265919e-02 -7.285838599102589797e-17
2.564300935326831166e+01 1.314841139590643877e+02 1.838090261426787819e+01 5.675427701014824911e-02 -1.942890293094023946e-16
2.594469181457503382e+01 1.648196893450003984e+02 1.483578573559408298e+01 1.968231474986882959e-02 -9.298117831235686026e-16
2.624637427869913253e+01 1.366077224990694106e+02 1.810777936464558024e+01 6.883998216407020455e-03 -1.205632815803880931e-16
2.654805674114466285e+01 4.512407622348108589e+02 5.544923265265524925e+00 8.434095957105813834e-03 5.898059818321144121e-17
2.684973920407315617e+01 2.962358325954446059e+02 8.542276202235690619e+00 3.038733160036369285e-02 -7.285838599102589797e-17
2.715142166747232366e+01 2.999678277728261833e+02 8.530785532405376514e+00 3.352771388375875433e-02 1.110223024625156540e-16
2.745310412984526138e+01 3.010974608496186420e+02 8.593211315285660845e+00 1.647501786079371561e-02 -1.387778780781445676e-17
2.775478659337421306e+01 3.058639932169924691e+02 8.552255472762144706e+00 2.766016987400074165e-02 -1.769417945496343236e-16
2.805646905594163698e+01 3.077858774479509520e+02 8.591232106163264604e+00 1.701510379246558985e-02 -2.949029909160572061e-16
2.835815151910579246e+01 3.149291645109892670e+02 8.486647524703947454e+00 4.558512450396570020e-02 -1.873501354054951662e-16
2.865983398206455135e+01 3.204551905939616745e+02 8.429027820483087297e+00 6.128247770671778338e-02 1.110223024625156540e-16
2.896151644490889510e+01 3.194112932131483831e+02 8.545592084569451075e+00 2.948112748723925869e-02 3.469446951953614189e-17
2.926319890805076795e+01 3.221340067813254677e+02 8.561627966134864209e+00 2.509921412786598333e-02 1.838806884535415520e-16
2.956488137084982171e+01 3.247901360159327169e+02 8.579153473524137041e+00 2.031229279222346654e-02 -3.573530360512222614e-16
2.986656383395480674e+01 3.298623617170411535e+02 8.533429856044929096e+00 3.280502690884611744e-02 -7.632783294297951215e-17
3.016824629685960701e+01 3.316177673456154480e+02 8.573998464846251721e+00 2.172003059818698040e-02 -3.400058012914541905e-16
3.046992875982527238e+01 3.321161841365444047e+02 8.646742518387716459e+00 1.896951712505274418e-03 -3.001071613439876273e-16
3.077161122283396466e+01 3.358391632143292327e+02 8.635550437137199609e+00 4.939235217978924994e-03 -2.602085213965210642e-18
3.107329368574250950e+01 3.344303146241449554e+02 8.756948179982865454e+00 -2.780415618187578874e-02 -1.144917494144692682e-16
3.137497614876174623e+01 3.389282906619862956e+02 8.724623817886564936e+00 -1.915040056518987205e-02 -1.526556658859590243e-16
3.167665861169749775e+01 3.437670699764958613e+02 8.684527985032259423e+00 -8.344587479681322972e-03 1.752070710736575165e-16
3.197834107468138853e+01 3.424908225940871489e+02 8.799907743508294189e+00 -3.920944036849339370e-02 3.191891195797325054e-16
3.228002353765724308e+01 3.474333435931913527e+02 8.756558920465998597e+00 -2.770028985782785683e-02 0.000000000000000000e+00
3.258170600060832811e+01 3.550252972008143502e+02 8.649393354781379273e+00 1.176916866018059855e-03 -2.667137344314340908e-17
3.288338846360093726e+01 3.608106065834874698e+02 8.589510097881573714e+00 1.748505191889374380e-02 3.747002708109903324e-16
3.318507092654775903e+01 3.614096895968359036e+02 8.653944099949061552e+00 -5.868373522179230869e-05 1.897353801849632760e-18
3.348675338952650549e+01 3.585141160021481141e+02 8.803146131111827088e+00 -4.006426967404458361e-02 -1.526556658859590243e-16
3.378843585248921499e+01 3.603092224773573093e+02 8.838200237059497866e+00 -4.926862012213448910e-02 2.289834988289385365e-16
3.409011831546246185e+01 3.615742786238070039e+02 8.885914036874094535e+00 -6.163940235073672030e-02 -1.179611963664228824e-16
3.439180077843742112e+01 3.660107230831257539e+02 8.855890430679346892e+00 -5.387753293410659644e-02 2.220446049250313081e-16
3.469348324140013773e+01 3.736174795374474229e+02 8.751688401749333934e+00 -2.639994652847039644e-02 -1.040834085586084257e-17
3.499516570437683782e+01 3.743762159285152507e+02 8.809899038219366929e+00 -4.184444547305713608e-02 1.179611963664228824e-16
3.529684816733927022e+01 3.774556668684315355e+02 8.813351762661920219e+00 -4.275338054363032186e-02 -4.163336342344337027e-17
3.559853063030352871e+01 3.847541914854839433e+02 8.720067366255488395e+00 -1.792616792356652167e-02 1.769417945496343236e-16
3.590021309328380283e+01 3.923941944621737434e+02 8.622745747099020974e+00 8.423923472654215941e-03 9.714451465470119729e-17
3.620189555622608424e+01 3.918086870377416062e+02 8.708199656214574702e+00 -1.473284855470105049e-02 5.342948306008565851e-16
3.650357801922206846e+01 3.933966998127788770e+02 8.745322921329044874e+00 -2.469844354268880757e-02 -5.551115123125782702e-17
3.680526048218942492e+01 4.101514119063868407e+02 8.457398847430701139e+00 5.356217469955565358e-02 2.498001805406602216e-16
3.710694294513780989e+01 4.169632464319610108e+02 8.387422657836792084e+00 7.256002299153775648e-02 -4.302114220422481594e-16
3.740862540813367332e+01 4.135910044688490643e+02 8.524556493728345785e+00 3.523004430605287951e-02 -6.938893903907228378e-17
3.771030787108477966e+01 4.169720648908515841e+02 8.523623245846501106e+00 3.548508207781321533e-02 -1.040834085586084257e-16
3.801199033405738703e+01 4.274060305983845751e+02 8.382066304582385996e+00 7.400726210985293652e-02 3.469446951953614189e-16
3.831367279702111261e+01 4.318464270573363137e+02 8.361719267519859500e+00 7.949356985724284619e-02 4.163336342344337027e-17
3.861535525998789353e+01 4.314825479015444216e+02 8.434666731518833060e+00 5.974968569043330457e-02 3.469446951953614189e-17
3.891703772297806552e+01 4.363740429631000097e+02 8.405276284065539727e+00 6.772800910518365913e-02 -2.220446049250313081e-16
3.921872018592287645e+01 4.390295677440927307e+02 8.419198997396923900e+00 6.395195232576879329e-02 8.326672684688674053e-17
3.952040264889475196e+01 4.418247362759560133e+02 8.430288965382782607e+00 6.093974655873213297e-02 -1.110223024625156540e-16
3.982208511188832745e+01 4.432864361193555851e+02 8.466631945700985540e+00 5.104566455972237710e-02 1.249000902703301108e-16
4.012376757483232836e+01 4.461073739211005886e+02 8.476829177210472466e+00 4.826451869363886094e-02 3.122502256758252770e-16
4.042545003781344093e+01 4.525230448492615665e+02 8.419480397898446711e+00 6.387556628455406948e-02 -1.249000902703301108e-16
4.072713250079217318e+01 4.529217071052373740e+02 8.474846199182351825e+00 4.880548689181253563e-02 -2.567390744445674500e-16
4.102881496372914683e+01 4.541141741787481578e+02 8.515203730998972986e+00 3.778580387547395003e-02 1.457167719820517959e-16
4.133049742672131543e+01 4.608346355019943985e+02 8.452723194962908693e+00 5.483585784604766422e-02 2.081668171172168513e-17
4.163217988968238359e+01 4.605707255081866265e+02 8.519300723034994860e+00 3.666629778627474717e-02 -5.551115123125782702e-17
4.193386235263338335e+01 4.629990470582458784e+02 8.536029268788475122e+00 3.209460863723392204e-02 4.996003610813204432e-16
4.223554481562429430e+01 4.690300959192953201e+02 8.486888909744427778e+00 4.551923398951268629e-02 0.000000000000000000e+00
4.253722727858784225e+01 4.649615027238995708e+02 8.622303563173376872e+00 8.544331117192240782e-03 -3.348016308635237692e-16
4.283890974155726639e+01 4.742724255469945547e+02 8.512980950346461739e+00 3.839314149331735093e-02 -4.857225732735059864e-17
4.314059220452916321e+01 4.886236422769218848e+02 8.321138550094046238e+00 9.037488555803498136e-02 2.775557561562891351e-17
4.344227466750368194e+01 4.856977647565191205e+02 8.429805993800037811e+00 6.107100526213281311e-02 1.665334536937734811e-16
4.374395713046120449e+01 4.890108498255389691e+02 8.430837132286463032e+00 6.079076140845554588e-02 -6.938893903907228378e-18
4.404563959342775803e+01 4.938508840486310874e+02 8.405783743970191679e+00 6.759049442890438519e-02 -3.053113317719180486e-16
4.434732205639973301e+01 4.936748014864593301e+02 8.466376292202994591e+00 5.111536633724308998e-02 -6.938893903907228378e-18
4.464900451935995562e+01 5.019339467400467925e+02 8.383711771188357531e+00 7.356279727734794938e-02 6.938893903907228378e-17
4.495068698236055127e+01 5.055775209527398033e+02 8.379530861942663833e+00 7.469190071140272003e-02 -2.359223927328457648e-16
4.525236944529154215e+01 4.991460831622415526e+02 8.544463206414677714e+00 2.978963826312369667e-02 -6.383782391594650107e-16
4.555405190827863748e+01 4.998996459713625313e+02 8.588460262151974334e+00 1.777158032272458180e-02 -1.353084311261909534e-16
4.585573437124573815e+01 5.018883954933143059e+02 8.611080044044749471e+00 1.160196532017957610e-02 4.163336342344337027e-16
4.615741683420705499e+01 5.011472545913838417e+02 8.680550495278707146e+00 -7.268919299754154212e-03 -5.178149575790769177e-16
4.645909929720201603e+01 5.105146044460797157e+02 8.576967070482954369e+00 2.090932390182554182e-02 -2.775557561562891351e-17
4.676078176011797183e+01 5.124056805356765381e+02 8.600802100796030913e+00 1.440421992220420472e-02 1.925543058334255875e-16
4.706246422313033406e+01 5.061084275261681000e+02 8.763997030393699816e+00 -2.968346211406043197e-02 2.255140518769849223e-16
4.736414668608611578e+01 5.187434657459733671e+02 8.605343397930548477e+00 1.316580441074991989e-02 1.040834085586084257e-17
4.766582914904245172e+01 5.273290007245668676e+02 8.519157023953242813e+00 3.670556507853620781e-02 4.857225732735059864e-17
4.796751161203317793e+01 5.152453025403207221e+02 8.774134262750733271e+00 -3.238091025184563349e-02 2.636779683484746784e-16
4.826919407498176184e+01 5.247171132075798141e+02 8.669937096601184834e+00 -4.395712028874659144e-03 5.811323644522303766e-17
4.857087653796694582e+01 5.404016414342389680e+02 8.470916659604318610e+00 4.987729357468494856e-02 2.775557561562891351e-17
4.887255900093395411e+01 5.394235681674617808e+02 8.538985764437494907e+00 3.128659940444541987e-02 8.326672684688674053e-17
4.917424146390377615e+01 5.393325445974488730e+02 8.593145580199875511e+00 1.649295467987400496e-02 -2.359223927328457648e-16
4.947592392685153584e+01 5.384776656796096859e+02 8.659590306795335479e+00 -1.590812407474605965e-03 -1.389947185126416684e-16
4.977760638982105945e+01 5.434560600373978332e+02 8.632581769542778005e+00 5.746765692483450823e-03 -1.335737076502141463e-16
5.007928885282933607e+01 5.468188969664117849e+02 8.631489886132102995e+00 6.043834924662241405e-03 4.423544863740858091e-16
5.038097131575398180e+01 5.485198107773303491e+02 8.656560050693004271e+00 -7.686635120647559907e-04 -9.833713704443525216e-17
5.068265377873698441e+01 5.523077708961479857e+02 8.648669881144282812e+00 1.373409914165325601e-03 3.621235256101584810e-17
5.098433624173429024e+01 5.537220008609288016e+02 8.677929499070740960e+00 -6.559766456987763464e-03 -2.099015405931936584e-16
5.128601870464569146e+01 5.592502344147923168e+02 8.642988577178606135e+00 2.916971713189680897e-03 2.103352214621878602e-16
5.158770116765654024e+01 5.630255231365566715e+02 8.635534430181809995e+00 4.943588773697405250e-03 -1.951563910473907981e-16
5.188938363064054471e+01 5.668416922922650656e+02 8.627557321380217914e+00 7.114018893064537850e-03 -1.465841337200401995e-16
5.219106609355869608e+01 5.704047962614697553e+02 8.623511104597222143e+00 8.215525674702437581e-03 6.591949208711866959e-17
5.249274855657464656e+01 5.755171703278417681e+02 8.596311721062820155e+00 1.562910125251593466e-02 -1.387778780781445676e-16
5.279443101952943351e+01 5.805845670534865803e+02 8.570255190375752008e+00 2.274242068746766196e-02 -2.081668171172168513e-17
5.309611348247014462e+01 5.838051453208820476e+02 8.571679851794465677e+00 2.235329105698018182e-02 1.353084311261909534e-16
5.339779594546985209e+01 5.840782049054960225e+02 8.616352504746393137e+00 1.016524622134096396e-02 -3.070460552478948557e-16
5.369947840841663833e+01 5.807617710871243162e+02 8.714514036643290495e+00 -1.643272688377860058e-02 -1.249000902703301108e-16
5.400116087138435006e+01 5.908935132643096040e+02 8.613209307798401326e+00 1.102168233494711311e-02 -7.459310946700270506e-17
5.430284333435885458e+01 5.921803107549582137e+02 8.642506881262304930e+00 3.047887408250575265e-03 -1.947227101783965963e-16
5.460452579732135092e+01 5.889142275036039109e+02 8.738717919490371244e+00 -2.293054891102091694e-02 -7.632783294297951215e-17
5.490620826032791513e+01 5.950769393057648813e+02 8.695998573311527480e+00 -1.144312588986324923e-02 -2.393918396847993790e-16
5.520789072325112556e+01 5.988082388926635531e+02 8.689294467812578304e+00 -9.632806036773021094e-03 -1.543903893619358314e-16
5.550957318624733006e+01 6.060948385350751551e+02 8.631741580937134728e+00 5.975353494336579571e-03 2.064320936412400442e-16
5.581125564920942850e+01 6.083219754480113579e+02 8.646879669572095750e+00 1.859692817862192062e-03 -1.864827736675067626e-16
5.611293811215360705e+01 6.088638421210383740e+02 8.685882554482663664e+00 -8.710774096723616217e-03 -2.151057110211240797e-16
5.641462057516523743e+01 6.135480370847797076e+02 8.665911070114216130e+00 -3.304738487103830568e-03 1.613292832658430598e-16
5.671630303808034768e+01 6.235117061334821074e+02 8.573031711054714066e+00 2.198406432357495610e-02 4.163336342344337027e-17
5.701798550110461150e+01 6.326540413452029270e+02 8.494087099730709411e+00 4.355401401197938477e-02 -6.245004513516505540e-17
5.731966796402823405e+01 6.387648497927048084e+02 8.457339872745166076e+00 5.357824281485710355e-02 2.081668171172168513e-16
5.762135042701868315e+01 6.419499628447723580e+02 8.459669211097880392e+00 5.294354040686694018e-02 -7.632783294297951215e-17
5.792303289000819433e+01 6.355230257337726698e+02 8.589959792131233840e+00 1.736232306408055578e-02 -6.938893903907228378e-17
5.822471535292461198e+01 6.346247505758967691e+02 8.646921090492311279e+00 1.848440397978126171e-03 2.797241605012601440e-17
5.852639781592786505e+01 6.352295373035880175e+02 8.683448609776453608e+00 -8.052743413280499460e-03 2.255140518769849223e-17
5.882808027887927693e+01 6.353714013793345430e+02 8.726259842402567912e+00 -1.958971784708463809e-02 -9.367506770274758310e-17
5.912976274188454795e+01 6.365752466320932399e+02 8.754422790764230911e+00 -2.713014872532310343e-02 -2.844946500601963635e-16
5.943144520482187687e+01 6.363533374683264583e+02 8.802156631589250324e+00 -3.980315141955254044e-02 -9.020562075079396891e-17
5.973312766781218386e+01 6.431811218859821793e+02 8.752922715154234368e+00 -2.672961553739223658e-02 -1.283695372222837250e-16
6.003481013077801975e+01 6.463737872508689861e+02 8.753677308079454988e+00 -2.693111454192933726e-02 -1.457167719820517959e-16
6.033649259372534601e+01 6.479937498887784386e+02 8.775671767282815949e+00 -3.278947377256098694e-02 -2.775557561562891351e-17
6.063817505671219976e+01 6.480369647682609866e+02 8.818961987147543979e+00 -4.422843035252013721e-02 4.163336342344337027e-17
6.093985751966099684e+01 6.533890431957851206e+02 8.790239629280517164e+00 -3.665308697483112693e-02 -2.775557561562891351e-17
6.124153998267297538e+01 6.684204720390318926e+02 8.635102311446985368e+00 5.061118562258242436e-03 -4.770489558936219510e-17
6.154322244559919142e+01 6.642580972136148603e+02 8.732015597146446595e+00 -2.113421645300112006e-02 -5.898059818321144121e-17
6.184490490857724154e+01 6.640587985138390650e+02 8.777453112174818273e+00 -3.326264689910893302e-02 2.012279232133096230e-16
6.214658737156937462e+01 6.746247463241965079e+02 8.682127214988407005e+00 -7.695399392747854540e-03 4.354155924701785807e-16
6.244826983450827385e+01 6.686174578356392431e+02 8.802657937315389702e+00 -3.993544915024468955e-02 1.734723475976807094e-16
6.274995229751279169e+01 6.714521006928877114e+02 8.807841495210810834e+00 -4.130238673821362561e-02 -9.020562075079396891e-17
6.305163476044082671e+01 6.820417742877149294e+02 8.712775083333879067e+00 -1.596477309849620579e-02 -7.285838599102589797e-17
6.335331722344032102e+01 6.865827931033410323e+02 8.696561491299130253e+00 -1.159504570345826907e-02 1.613292832658430598e-16
6.365499968639228001e+01 6.912783351601373170e+02 8.678620573261776272e+00 -6.746773100888030748e-03 -1.847480501915299556e-16
6.395668214936321760e+01 6.989926211991197533e+02 8.623517760905512475e+00 8.213713300496651090e-03 6.938893903907228378e-17
6.425836461234058561e+01 7.106828213722654937e+02 8.521675216857929058e+00 3.601742913789154898e-02 1.387778780781445676e-17
6.456004707528612130e+01 7.020960471578372335e+02 8.666394167643025170e+00 -3.435678295750841955e-03 2.211772431870429045e-16
6.486172953829687060e+01 6.875454120216446654e+02 8.891156691053302197e+00 -6.298657521627672173e-02 -2.775557561562891351e-17
6.516341200121024713e+01 6.948148362148806427e+02 8.839055490283270089e+00 -4.949202197717436635e-02 4.302114220422481594e-16
6.546509446423249301e+01 7.014368267100929870e+02 8.796144656390991301e+00 -3.821519613111707542e-02 -1.318389841742373392e-16
6.576677692713630563e+01 7.001862319096969713e+02 8.852462980358213329e+00 -5.298655389315984343e-02 -2.636779683484746784e-16
6.606845939018037939e+01 7.132377537656245750e+02 8.730336506656325213e+00 -2.068382474833119905e-02 -2.428612866367529932e-17
6.637014185312924042e+01 7.247095000881329270e+02 8.631373676134217021e+00 6.075454027901327179e-03 -1.292368989602721285e-16
6.667182431603971793e+01 7.189285421699945573e+02 8.740328190635645811e+00 -2.336177235787455231e-02 1.249000902703301108e-16
6.697350677914482731e+01 7.161320619280015762e+02 8.814162417866766575e+00 -4.296666169507609018e-02 4.163336342344337027e-17
6.727518924191541316e+01 7.139671825548801962e+02 8.880712396400040731e+00 -6.030030783386737536e-02 1.595945597898662527e-16
6.757687170508539509e+01 7.188502635832276155e+02 8.859939870218736857e+00 -5.492893995452816092e-02 -7.632783294297951215e-17
6.787855416790040408e+01 7.307577493282406067e+02 8.754478511088093384e+00 -2.714502404230003871e-02 -2.567390744445674500e-16
6.818023663092000675e+01 7.281700667472269970e+02 8.824636179149601745e+00 -4.571792875465208184e-02 1.595945597898662527e-16
6.848191909399194799e+01 7.277696743173314644e+02 8.868559718343247411e+00 -5.716240081481175489e-02 -1.179611963664228824e-16
6.878360155669078324e+01 7.366124056926963704e+02 8.800695820541070802e+00 -3.941753430705800115e-02 6.314393452555577824e-16
6.908528402007229374e+01 7.395207216138021522e+02 8.804533033570619338e+00 -4.043014280786600551e-02 9.714451465470119729e-17
6.938696648251951160e+01 7.412861011749015461e+02 8.821921137231692356e+00 -4.500551948362360027e-02 -1.040834085586084257e-16
6.968864894598921467e+01 7.513472461605108492e+02 8.741631064175626520e+00 -2.371057367460295204e-02 -6.245004513516505540e-17
6.999033140866937686e+01 7.635551946742184555e+02 8.639104776293454080e+00 3.972700094513315593e-03 -7.806255641895631925e-17
7.029201387152085090e+01 7.692743611185230748e+02 8.611838072845053205e+00 1.139537105265958639e-02 -2.688821387764050996e-16
7.059369633516263320e+01 7.729979619475620893e+02 8.607136708518526191e+00 1.267687091887290118e-02 -3.469446951953614189e-17
7.089537879687841837e+01 7.734078031069060444e+02 8.639338792821265045e+00 3.909075797187956842e-03 -2.255140518769849223e-17
7.119706126147497116e+01 7.768407936564136662e+02 8.637760778374858006e+00 4.338134636978910157e-03 1.101549407245272505e-16
7.149874372283989032e+01 7.805081019330503977e+02 8.633603961224748602e+00 5.468685357513498879e-03 1.136243876764808647e-16
7.180042618687787126e+01 7.774085330601104715e+02 8.704600548134340698e+00 -1.376312296258488770e-02 4.041905699025960530e-16
7.210210864993453583e+01 7.871624202567284101e+02 8.632860856178476539e+00 5.670839376447877646e-03 3.738329090730019288e-16
7.240379111114056343e+01 7.883084504368515582e+02 8.656378786276770043e+00 -7.194746374368685918e-04 -1.026739457343772699e-16
7.270547357765131835e+01 7.865073879041387954e+02 8.712352300058320509e+00 -1.585098030283518464e-02 -1.249000902703301108e-16
7.300715603571673284e+01 8.040495630983449473e+02 8.557634588251298524e+00 2.619031106781773491e-02 -2.810252031082427493e-16
7.330883850387641587e+01 8.019780461450212670e+02 8.615192507850737869e+00 1.048128974823530311e-02 6.245004513516505540e-17
7.361052096306889325e+01 7.969857672701368756e+02 8.704833187044034304e+00 -1.382582166550694498e-02 2.428612866367529932e-17
7.391220342649032204e+01 8.077231251919612305e+02 8.624317964405630477e+00 7.995842106533580101e-03 -2.602085213965210642e-16
7.421388589397527369e+01 8.087736848613119491e+02 8.648270947101014627e+00 1.481765811381805832e-03 -2.831936074532137582e-16
7.451556834680590669e+01 8.066689327938845508e+02 8.706083223718575681e+00 -1.416267848720289581e-02 -1.335737076502141463e-16
7.481725082451745834e+01 8.086296793504235438e+02 8.720134749725067635e+00 -1.794428002513565740e-02 -4.961309141293668290e-16
7.511893327122268715e+01 8.106489832109491545e+02 8.733487383489297429e+00 -2.152888164406317056e-02 8.673617379884035472e-17
7.542061574700981907e+01 8.106546481646291795e+02 8.768500355723846340e+00 -3.088254415989883858e-02 -3.469446951953614189e-18
7.572229820656261268e+01 8.133745913180179059e+02 8.774135003646613029e+00 -3.238110716703752889e-02 6.938893903907228378e-17
7.602398065817641282e+01 8.204824417451064846e+02 8.732778435491876934e+00 -2.133878857309055160e-02 8.673617379884035472e-17
7.632566314988466161e+01 8.217302165620779988e+02 8.754119215741370752e+00 -2.704910200081471136e-02 2.116362640691704655e-16
7.662734556900163341e+01 8.302091454419102092e+02 8.698961239779762877e+00 -1.224253562339568287e-02 1.734723475976807094e-18
7.692902808243422896e+01 8.452016536641114044e+02 8.578296141181828816e+00 2.054639422034304844e-02 3.816391647148975608e-17
7.723071050284443118e+01 8.460792253096099103e+02 8.603004026903164458e+00 1.380370671802916803e-02 1.474514954580286030e-16
7.753239298222524667e+01 8.428346412377838988e+02 8.669857085506665229e+00 -4.374036174668183112e-03 1.934216675714139910e-16
7.783407547217001365e+01 8.467926875231239592e+02 8.662909941424551619e+00 -2.491126364906046109e-03 2.675810961694224943e-16
7.813575785489091174e+01 8.520283212799603234e+02 8.643048008926662362e+00 2.900819764075212182e-03 2.753873518113181262e-16
7.843744044719964847e+01 8.548864612874078830e+02 8.647411013067786811e+00 1.715351734672950022e-03 1.290200585257750276e-16
7.873912275482035739e+01 8.683007000172679000e+02 8.546563981523767950e+00 2.921552059370917387e-02 9.714451465470119729e-17
7.904080535689035969e+01 8.733890743129537668e+02 8.529326301855638448e+00 3.392651376307447009e-02 1.873501354054951662e-16
7.934248775230770434e+01 8.609808691768736253e+02 8.685272306171816226e+00 -8.545812039036199473e-03 -9.020562075079396891e-17
7.964417015622044005e+01 8.665843273620243963e+02 8.661922399140388862e+00 -2.223334732426066399e-03 1.344410693882025498e-17
7.994585284046010543e+01 8.733365502093325858e+02 8.627509197056719259e+00 7.127117523611649352e-03 -1.838806884535415520e-16
8.024753492468964566e+01 8.760238922675730464e+02 8.633499670957339944e+00 5.497055577954209488e-03 2.168404344971008868e-16
8.054921786250343985e+01 8.835200248778793366e+02 8.592431092579536411e+00 1.668791774387725843e-02 -1.075528555105620399e-16
8.085089987631253905e+01 8.814254717303042526e+02 8.645107314255119135e+00 2.341218669832886151e-03 5.030698080332740574e-17
8.115258259591450951e+01 8.879877142009615909e+02 8.613239346421844189e+00 1.101349664575359925e-02 3.157196726277788912e-16
8.145426516887027901e+01 8.872657009162143140e+02 8.652293922570182261e+00 3.892920979480160300e-04 -2.695868701885206775e-16
8.175594703097593197e+01 8.906929718548690289e+02 8.650923181023172148e+00 7.614733294412398372e-04 -3.101902415481028186e-16
8.205763059507575008e+01 9.097502516840741009e+02 8.500958883097867513e+00 4.167735533938339565e-02 2.289834988289385365e-16
8.235931161626641028e+01 8.970368492569111822e+02 8.653136441698354275e+00 1.605616988116227272e-04 1.833927974759230750e-16
8.266099551338945162e+01 8.941884395463032433e+02 8.712498331169799215e+00 -1.589028575593138398e-02 2.949029909160572061e-16
8.296267704966184908e+01 9.096164745923773580e+02 8.595983384914749337e+00 1.571867749676984782e-02 -1.387778780781445676e-17
8.326435938637690981e+01 9.081442934953830672e+02 8.641227004156643687e+00 3.395765350555536664e-03 -4.987329993433320396e-17
8.356604345108469545e+01 9.167425093941044452e+02 8.591195417642584431e+00 1.702511589570373726e-02 1.214306433183764966e-16
8.386772273799377331e+01 9.188357467803840564e+02 8.602567625940295670e+00 1.392271596146961096e-02 8.153200337090993344e-17
8.416940954899131100e+01 9.141809046324010524e+02 8.677472829158338286e+00 -6.436180381350292169e-03 9.887923813067800438e-17
8.447108747810725049e+01 9.196661723379644400e+02 8.656632890628101151e+00 -7.884294465520299416e-04 3.459689132401244649e-16
8.477277317366169029e+01 9.291059593721493002e+02 8.599283603996415337e+00 1.481839612914786532e-02 2.255140518769849223e-17
8.507445540043904941e+01 9.333245514725804242e+02 8.590879250068365280e+00 1.711139717519785317e-02 2.116362640691704655e-16
8.537613369468522251e+01 9.207708766139807040e+02 8.738885249937233368e+00 -2.297536574693822414e-02 -3.053113317719180486e-16
8.567782523876213929e+01 9.310094334951577366e+02 8.673322202606184916e+00 -5.312562411699474699e-03 1.977584762613560088e-16
8.597949467654449052e+01 9.476461335246633553e+02 8.551057381425962944e+00 2.798757017253370241e-02 4.510281037539698445e-17
8.628119134643910115e+01 9.340743058160026067e+02 8.705742846876127317e+00 -1.407096153187497624e-02 -1.301042606982605321e-16
8.658286281523093919e+01 9.343506574223476946e+02 8.733597507091447554e+00 -2.155840717418507774e-02 1.249000902703301108e-16
8.688454783137179049e+01 9.432152715614244016e+02 8.681661506359517944e+00 -7.569441883926661570e-03 6.505213034913026604e-17
8.718624080368996943e+01 9.425237527116599949e+02 8.718198967876087835e+00 -1.742387050484896574e-02 3.400058012914541905e-16
8.748789754854672651e+01 9.451924344582093909e+02 8.723662807587244217e+00 -1.889228065930869879e-02 4.163336342344337027e-16
8.778961877029392724e+01 9.519738002803094332e+02 8.691391127854402043e+00 -1.019917076850451743e-02 -8.153200337090993344e-17
8.809125707629476665e+01 9.565194336971107987e+02 8.679808365420356608e+00 -7.068150673271858878e-03 -1.266348137463069179e-16
8.839297619887916824e+01 9.589850329989864122e+02 8.687144692558399939e+00 -9.051907579904877252e-03 -9.714451465470119729e-17
8.869464551011775200e+01 9.705410141422030392e+02 8.613003758329897508e+00 1.107769618822685050e-02 1.214306433183764966e-17
8.899630265541803453e+01 9.767252805857101521e+02 8.587577372357580785e+00 1.801255665504096146e-02 3.667205428214970198e-15
8.929805717274133769e+01 9.688733596600063720e+02 8.686525981852911471e+00 -8.884689037273367854e-03 5.221517662690189354e-16
8.959962509752183735e+01 9.640578548522677238e+02 8.759397246358490818e+00 -2.845743871676915948e-02 -6.245004513516505540e-17
8.990144374260152915e+01 9.761473625214857748e+02 8.680053628767238294e+00 -7.134504179606015670e-03 5.637851296924623057e-17
9.020300592731638289e+01 9.843257348385607202e+02 8.636808651542093429e+00 4.597048698396335835e-03 3.724435690410921040e-12
9.050474411522461082e+01 9.808512365054863267e+02 8.696396415028324611e+00 -1.155049646168559117e-02 1.169550567503563343e-14
9.080648324747484423e+01 9.892417717537776980e+02 8.651382972723791198e+00 6.366250821539318075e-04 1.079761106589395558e-09
9.110796648376772566e+01 9.877149198537388202e+02 8.693524187058770281e+00 -1.077518169457113845e-02 6.755319394147196732e-11
9.140998500604727894e+01 9.806406748343816844e+02 8.785264921065545352e+00 -3.533527427700001305e-02 -9.020562075079396891e-17
9.171125011527034587e+01 9.987188688412824149e+02 8.654669455117431909e+00 -2.555698566562845161e-04 3.619983969267844492e-04
9.201332284847690346e+01 9.999999979205331329e+02 8.672051390828068307e+00 -4.968413667499224813e-03 2.249141170865869011e-02
9.231478958127242151e+01 9.999996426577298507e+02 8.700467052031036985e+00 -1.264870051603111424e-02 1.268973572872402790e-02
9.261636020672172265e+01 9.999999999966792075e+02 8.728886304858876954e+00 -2.029471241603419962e-02 3.247835175673549624e-02
9.291858958602853136e+01 9.999999999999998863e+02 8.757370752761769239e+00 -2.791690150525732300e-02 5.272711063029431044e-02
9.321928751743216424e+01 9.999999999999988631e+02 8.785710865129196634e+00 -3.545347259094857456e-02 4.436584542158703709e-02
9.352224023382275675e+01 9.999999999999865850e+02 8.814263485975237344e+00 -4.299324908405791068e-02 3.773007257710633833e-02
9.382268732843465386e+01 9.999999999999998863e+02 8.842579957531874868e+00 -5.041204110182077869e-02 6.375623286453269145e-02
9.412512613746285695e+01 9.999999999999998863e+02 8.871084143749977002e+00 -5.781528905958531472e-02 7.247437064799724937e-02
9.442699011775533791e+01 9.999999999999998863e+02 8.899534153636086131e+00 -6.513402546578049568e-02 5.618816762896526595e-02
9.472723435035376838e+01 9.999999999999998863e+02 8.927831505898502940e+00 -7.233811998681669020e-02 9.727323656408901065e-02
9.503161506577181683e+01 9.999999999999998863e+02 8.956518712482056443e+00 -7.955914030966509953e-02 9.966436865181335647e-02
9.532968033984909084e+01 9.999999999999998863e+02 8.984610702741997912e+00 -8.654465023551348446e-02 6.687412802345203688e-02
9.563526333610863617e+01 9.999999999999998863e+02 9.013411221625325709e+00 -9.361287499487522257e-02 1.024242666071555619e-01
9.593359789572936336e+01 9.999999999999998863e+02 9.041528591449818464e+00 -1.004169458289459888e-01 1.089267470747123101e-01
9.623649834678734294e+01 9.999999999999998863e+02 9.070076286404201937e+00 -1.072224217844880007e-01 1.056351554591178771e-01
9.654198506952519665e+01 9.999999999999998863e+02 9.098867731721876240e+00 -1.139759691737504271e-01 1.193916594163067502e-01
9.683572460132219817e+01 9.999999999999998863e+02 9.126552030376746671e+00 -1.203608021741657819e-01 1.294052380958817250e-01
9.715354929925754845e+01 9.999999999999998863e+02 9.156506302461639990e+00 -1.271435024202535735e-01 1.252293758736106044e-01
9.743550872793750273e+01 9.999999999999998863e+02 9.183080352554178205e+00 -1.330470966244523545e-01 1.252303554306145594e-01
9.775672522869636794e+01 9.999999999999998863e+02 9.213354294524055632e+00 -1.396373310185571592e-01 1.549351175885236853e-01
9.807201725220630806e+01 9.999999999999998863e+02 9.243069867667882633e+00 -1.459607764752359760e-01 1.608081708571422186e-01
9.818737134624946350e+01 9.999999999999998863e+02 9.253941734900108074e+00 -1.482373407119872977e-01 1.536990649154564570e-01
9.819643717933844584e+01 9.999999999999998863e+02 9.254796169539039496e+00 -1.484154066168676123e-01 1.527010696052130689e-01
