# #Sample (s) #Amplitude
4.915199999999999818e+02 -3.407011508941650391e+00
4.915249999999999773e+02 -3.685329198837280273e+00
4.915299999999999727e+02 -2.910282135009765625e+00
4.915350000000000250e+02 -1.038863539695739746e+00
4.915400000000000205e+02 1.882879853248596191e+00
4.915450000000000159e+02 4.710364341735839844e+00
4.915500000000000114e+02 5.681752681732177734e+00
4.915550000000000068e+02 5.775695800781250000e+00
4.915600000000000023e+02 5.586858749389648438e+00
4.915649999999999977e+02 4.208261013031005859e+00
4.915699999999999932e+02 1.799318671226501465e+00
4.915749999999999886e+02 -5.514163970947265625e-01
4.915799999999999841e+02 -2.791385173797607422e+00
4.915849999999999795e+02 -4.457104206085205078e+00
4.915899999999999750e+02 -5.255372524261474609e+00
4.915950000000000273e+02 -5.038932323455810547e+00
4.916000000000000227e+02 -3.212254524230957031e+00
4.916050000000000182e+02 -7.105528116226196289e-01
4.916100000000000136e+02 1.117864727973937988e+00
4.916150000000000091e+02 2.644389629364013672e+00
4.916200000000000045e+02 3.645317077636718750e+00
4.916250000000000000e+02 3.663681983947753906e+00
4.916299999999999955e+02 3.076957464218139648e+00
4.916349999999999909e+02 2.458089351654052734e+00
4.916399999999999864e+02 1.679369926452636719e+00
4.916449999999999818e+02 8.776288628578186035e-01
4.916499999999999773e+02 -2.047207802534103394e-01
4.916549999999999727e+02 -1.351792097091674805e+00
4.916600000000000250e+02 -1.376430749893188477e+00
4.916650000000000205e+02 -6.604557037353515625e-01
4.916700000000000159e+02 8.853305876255035400e-02
4.916750000000000114e+02 1.534263730049133301e+00
4.916800000000000068e+02 2.709378004074096680e+00
4.916850000000000023e+02 2.718187093734741211e+00
4.916899999999999977e+02 2.091068267822265625e+00
4.916949999999999932e+02 9.235829710960388184e-01
4.916999999999999886e+02 -5.449251532554626465e-01
4.917049999999999841e+02 -2.033414602279663086e+00
4.917099999999999795e+02 -3.180481433868408203e+00
4.917149999999999750e+02 -4.003067493438720703e+00
4.917200000000000273e+02 -4.125435829162597656e+00
4.917250000000000227e+02 -4.014975547790527344e+00
4.917300000000000182e+02 -3.869329214096069336e+00
4.917350000000000136e+02 -3.611178159713745117e+00
4.917400000000000091e+02 -3.475087165832519531e+00
4.917450000000000045e+02 -3.046223163604736328e+00
4.917500000000000000e+02 -2.361943721771240234e+00
4.917549999999999955e+02 -2.012135028839111328e+00
4.917599999999999909e+02 -1.427327513694763184e+00
4.917649999999999864e+02 -9.706604480743408203e-01
4.917699999999999818e+02 -9.657458066940307617e-01
4.917749999999999773e+02 -1.122418165206909180e+00
4.917799999999999727e+02 -8.594822287559509277e-01
4.917850000000000250e+02 -2.720644772052764893e-01
4.917900000000000205e+02 5.125604271888732910e-01
4.917950000000000159e+02 1.775871157646179199e+00
4.918000000000000114e+02 3.277654409408569336e+00
4.918050000000000068e+02 4.286418437957763672e+00
4.918100000000000023e+02 4.466824054718017578e+00
4.918149999999999977e+02 3.976115703582763672e+00
4.918199999999999932e+02 2.434214115142822266e+00
4.918249999999999886e+02 2.972147762775421143e-01
4.918299999999999841e+02 -1.618686318397521973e+00
4.918349999999999795e+02 -3.357794523239135742e+00
4.918399999999999750e+02 -4.823677539825439453e+00
4.918450000000000273e+02 -5.168431758880615234e+00
4.918500000000000227e+02 -4.714365482330322266e+00
4.918550000000000182e+02 -3.984467506408691406e+00
4.918600000000000136e+02 -2.497016191482543945e+00
4.918650000000000091e+02 -7.220048308372497559e-01
4.918700000000000045e+02 7.081117630004882812e-01
4.918750000000000000e+02 2.391470670700073242e+00
4.918799999999999955e+02 4.043988704681396484e+00
4.918849999999999909e+02 4.790828704833984375e+00
4.918899999999999864e+02 5.242292404174804688e+00
4.918949999999999818e+02 4.967910289764404297e+00
4.918999999999999773e+02 3.631909608840942383e+00
4.919049999999999727e+02 1.916263699531555176e+00
4.919100000000000250e+02 -6.168810129165649414e-01
4.919150000000000205e+02 -3.717321157455444336e+00
4.919200000000000159e+02 -6.150556087493896484e+00
4.919250000000000114e+02 -7.303679943084716797e+00
4.919300000000000068e+02 -7.784385681152343750e+00
4.919350000000000023e+02 -7.090964794158935547e+00
4.919399999999999977e+02 -5.432791233062744141e+00
4.919449999999999932e+02 -3.408870220184326172e+00
4.919499999999999886e+02 -1.064810395240783691e+00
4.919549999999999841e+02 8.948253989219665527e-01
4.919599999999999795e+02 2.477422237396240234e+00
4.919649999999999750e+02 3.720770359039306641e+00
4.919700000000000273e+02 4.352080821990966797e+00
4.919750000000000227e+02 4.283608913421630859e+00
4.919800000000000182e+02 4.029659271240234375e+00
4.919850000000000136e+02 2.819643259048461914e+00
4.919900000000000091e+02 1.447169780731201172e+00
4.919950000000000045e+02 -2.736741900444030762e-01
4.920000000000000000e+02 -1.262591123580932617e+00
4.920049999999999955e+02 -2.135094881057739258e+00
4.920099999999999909e+02 -2.753051280975341797e+00
4.920149999999999864e+02 -2.257262945175170898e+00
4.920199999999999818e+02 -1.713257312774658203e+00
4.920249999999999773e+02 -4.468805491924285889e-01
4.920299999999999727e+02 8.716217875480651855e-01
4.920350000000000250e+02 2.234866142272949219e+00
4.920400000000000205e+02 3.108132600784301758e+00
4.920450000000000159e+02 3.929708480834960938e+00
4.920500000000000114e+02 4.403347492218017578e+00
4.920550000000000068e+02 4.167213916778564453e+00
4.920600000000000023e+02 3.461518287658691406e+00
4.920649999999999977e+02 2.569909095764160156e+00
4.920699999999999932e+02 1.059747099876403809e+00
4.920749999999999886e+02 -6.076600551605224609e-01
4.920799999999999841e+02 -2.055704355239868164e+00
4.920849999999999795e+02 -3.517213582992553711e+00
4.920899999999999750e+02 -4.311516761779785156e+00
4.920950000000000273e+02 -3.897380352020263672e+00
4.921000000000000227e+02 -3.038006544113159180e+00
4.921050000000000182e+02 -1.698642373085021973e+00
4.921100000000000136e+02 -2.902111709117889404e-01
4.921150000000000091e+02 7.576867938041687012e-01
4.921200000000000045e+02 1.611418962478637695e+00
4.921250000000000000e+02 2.030774593353271484e+00
4.921299999999999955e+02 1.833749175071716309e+00
4.921349999999999909e+02 1.714912295341491699e+00
4.921399999999999864e+02 1.537435293197631836e+00
4.921449999999999818e+02 7.127364277839660645e-01
4.921499999999999773e+02 1.790721416473388672e-01
4.921549999999999727e+02 -3.758759796619415283e-01
4.921600000000000250e+02 -9.521082043647766113e-01
4.921650000000000205e+02 -1.050089001655578613e+00
4.921700000000000159e+02 -1.012978076934814453e+00
4.921750000000000114e+02 -8.768271207809448242e-01
4.921800000000000068e+02 -4.500763714313507080e-01
4.921850000000000023e+02 -1.297480165958404541e-01
4.921899999999999977e+02 3.691111505031585693e-01
4.921949999999999932e+02 8.853454589843750000e-01
4.921999999999999886e+02 1.016723155975341797e+00
4.922049999999999841e+02 9.521967172622680664e-01
4.922099999999999795e+02 1.009296894073486328e+00
4.922149999999999750e+02 9.860382080078125000e-01
4.922200000000000273e+02 7.073668837547302246e-01
4.922250000000000227e+02 7.336291074752807617e-01
4.922300000000000182e+02 8.554546236991882324e-01
4.922350000000000136e+02 8.061367273330688477e-01
4.922400000000000091e+02 5.630871653556823730e-01
4.922450000000000045e+02 3.799827396869659424e-01
4.922500000000000000e+02 4.905184507369995117e-01
4.922549999999999955e+02 4.225258231163024902e-01
4.922599999999999909e+02 2.372526228427886963e-01
4.922649999999999864e+02 1.306018829345703125e-01
4.922699999999999818e+02 -2.600076049566268921e-02
4.922749999999999773e+02 -3.346342146396636963e-01
4.922799999999999727e+02 -4.660414457321166992e-01
4.922850000000000250e+02 -3.880767226219177246e-01
4.922900000000000205e+02 -6.295049190521240234e-02
4.922950000000000159e+02 6.661483049392700195e-01
4.923000000000000114e+02 1.083364725112915039e+00
4.923050000000000068e+02 1.539676070213317871e+00
4.923100000000000023e+02 1.959933996200561523e+00
4.923149999999999977e+02 1.830705404281616211e+00
4.923199999999999932e+02 1.296203970909118652e+00
4.923249999999999886e+02 6.539775729179382324e-01
4.923299999999999841e+02 -2.336707264184951782e-01
4.923349999999999795e+02 -1.418867111206054688e+00
4.923399999999999750e+02 -2.617093324661254883e+00
4.923450000000000273e+02 -3.864401340484619141e+00
4.923500000000000227e+02 -4.567432403564453125e+00
4.923550000000000182e+02 -4.535495281219482422e+00
4.923600000000000136e+02 -4.066570281982421875e+00
4.923650000000000091e+02 -2.984304666519165039e+00
4.923700000000000045e+02 -1.500670075416564941e+00
4.923750000000000000e+02 -2.724484801292419434e-01
4.923799999999999955e+02 7.346766591072082520e-01
4.923849999999999909e+02 1.437738180160522461e+00
4.923899999999999864e+02 1.940551996231079102e+00
4.923949999999999818e+02 2.148858070373535156e+00
4.923999999999999773e+02 2.127379417419433594e+00
4.924049999999999727e+02 1.680646419525146484e+00
4.924100000000000250e+02 6.792131662368774414e-01
4.924150000000000205e+02 -1.958141326904296875e-01
4.924200000000000159e+02 -6.933671236038208008e-01
4.924250000000000114e+02 -9.728606343269348145e-01
4.924300000000000068e+02 -1.082077264785766602e+00
4.924350000000000023e+02 -1.076616883277893066e+00
4.924399999999999977e+02 -1.018160581588745117e+00
4.924449999999999932e+02 -7.320892810821533203e-01
4.924499999999999886e+02 -3.869408965110778809e-01
4.924549999999999841e+02 2.431600093841552734e-01
4.924599999999999795e+02 1.373665332794189453e+00
4.924649999999999750e+02 2.278729438781738281e+00
4.924700000000000273e+02 2.875385999679565430e+00
4.924750000000000227e+02 3.670120477676391602e+00
4.924800000000000182e+02 4.154274463653564453e+00
4.924850000000000136e+02 4.153663635253906250e+00
4.924900000000000091e+02 3.776882648468017578e+00
4.924950000000000045e+02 3.236777305603027344e+00
4.925000000000000000e+02 2.599371671676635742e+00
4.925049999999999955e+02 1.763889908790588379e+00
4.925099999999999909e+02 8.563032746315002441e-01
4.925149999999999864e+02 5.229637622833251953e-01
4.925199999999999818e+02 5.449469685554504395e-01
4.925249999999999773e+02 4.461737275123596191e-01
4.925299999999999727e+02 3.556555807590484619e-01
4.925350000000000250e+02 2.043257504701614380e-01
4.925400000000000205e+02 1.085973829030990601e-01
4.925450000000000159e+02 -1.456774026155471802e-01
4.925500000000000114e+02 -4.386107027530670166e-01
4.925550000000000068e+02 -4.822093546390533447e-01
4.925600000000000023e+02 -5.053908228874206543e-01
4.925649999999999977e+02 -6.719157099723815918e-01
4.925699999999999932e+02 -5.543569922447204590e-01
4.925749999999999886e+02 -9.407193213701248169e-02
4.925799999999999841e+02 1.125377714633941650e-01
4.925849999999999795e+02 2.366165667772293091e-01
4.925899999999999750e+02 3.081375360488891602e-01
4.925950000000000273e+02 2.528212964534759521e-01
4.926000000000000227e+02 2.743916213512420654e-01
4.926050000000000182e+02 2.216848880052566528e-01
4.926100000000000136e+02 3.718331158161163330e-01
4.926150000000000091e+02 9.268229603767395020e-01
4.926200000000000045e+02 1.216409087181091309e+00
4.926250000000000000e+02 1.034697175025939941e+00
4.926299999999999955e+02 8.812204599380493164e-01
4.926349999999999909e+02 1.495884507894515991e-01
4.926399999999999864e+02 -8.604781627655029297e-01
4.926449999999999818e+02 -1.329308986663818359e+00
4.926499999999999773e+02 -1.860688447952270508e+00
4.926549999999999727e+02 -2.381641149520874023e+00
4.926600000000000250e+02 -2.675846576690673828e+00
4.926650000000000205e+02 -3.054754495620727539e+00
4.926700000000000159e+02 -3.054883003234863281e+00
4.926750000000000114e+02 -2.855629444122314453e+00
4.926800000000000068e+02 -2.932638168334960938e+00
4.926850000000000023e+02 -2.870644330978393555e+00
4.926899999999999977e+02 -2.761301040649414062e+00
4.926949999999999932e+02 -2.899550914764404297e+00
4.926999999999999886e+02 -3.069074392318725586e+00
4.927049999999999841e+02 -3.057026147842407227e+00
4.927099999999999795e+02 -2.849941492080688477e+00
4.927149999999999750e+02 -2.903480768203735352e+00
4.927200000000000273e+02 -2.893598079681396484e+00
4.927250000000000227e+02 -2.517967939376831055e+00
4.927300000000000182e+02 -1.771378040313720703e+00
4.927350000000000136e+02 -9.348683953285217285e-01
4.927400000000000091e+02 4.467859268188476562e-01
4.927450000000000045e+02 2.262819766998291016e+00
4.927500000000000000e+02 3.245283365249633789e+00
4.927549999999999955e+02 3.673482656478881836e+00
4.927599999999999909e+02 3.837146282196044922e+00
4.927649999999999864e+02 3.930007457733154297e+00
4.927699999999999818e+02 4.064135551452636719e+00
4.927749999999999773e+02 3.700466632843017578e+00
4.927799999999999727e+02 2.879834651947021484e+00
4.927850000000000250e+02 1.601370453834533691e+00
4.927900000000000205e+02 -5.109132453799247742e-02
4.927950000000000159e+02 -1.652729272842407227e+00
4.928000000000000114e+02 -2.292653560638427734e+00
4.928050000000000068e+02 -1.784081697463989258e+00
4.928100000000000023e+02 -1.015316843986511230e+00
4.928149999999999977e+02 3.324761390686035156e-01
4.928199999999999932e+02 1.870527267456054688e+00
4.928249999999999886e+02 3.548448801040649414e+00
4.928299999999999841e+02 4.972695350646972656e+00
4.928349999999999795e+02 5.910005569458007812e+00
4.928399999999999750e+02 6.377755641937255859e+00
4.928450000000000273e+02 5.927666187286376953e+00
4.928500000000000227e+02 4.307800292968750000e+00
4.928550000000000182e+02 2.486818552017211914e+00
4.928600000000000136e+02 9.225556850433349609e-01
4.928650000000000091e+02 -6.686365008354187012e-01
4.928700000000000045e+02 -1.594361305236816406e+00
4.928750000000000000e+02 -1.561411857604980469e+00
4.928799999999999955e+02 -1.145339846611022949e+00
4.928849999999999909e+02 -5.294524431228637695e-01
4.928899999999999864e+02 4.122200608253479004e-01
4.928949999999999818e+02 1.320446729660034180e+00
4.928999999999999773e+02 1.733918905258178711e+00
4.929049999999999727e+02 1.642645835876464844e+00
4.929100000000000250e+02 1.082246422767639160e+00
4.929150000000000205e+02 -6.629856675863265991e-02
4.929200000000000159e+02 -1.615338563919067383e+00
4.929250000000000114e+02 -3.567913055419921875e+00
4.929300000000000068e+02 -5.610834598541259766e+00
4.929350000000000023e+02 -6.623410224914550781e+00
4.929399999999999977e+02 -6.485751628875732422e+00
4.929449999999999932e+02 -5.792954444885253906e+00
4.929499999999999886e+02 -4.310024261474609375e+00
4.929549999999999841e+02 -2.329294681549072266e+00
4.929599999999999795e+02 -4.028593003749847412e-01
4.929649999999999750e+02 1.343310475349426270e+00
4.929700000000000273e+02 3.365312099456787109e+00
4.929750000000000227e+02 4.716200828552246094e+00
4.929800000000000182e+02 4.869512081146240234e+00
4.929850000000000136e+02 3.710568904876708984e+00
4.929900000000000091e+02 1.757150650024414062e+00
4.929950000000000045e+02 -6.580094695091247559e-01
4.930000000000000000e+02 -2.617939949035644531e+00
4.930049999999999955e+02 -4.280319213867187500e+00
4.930099999999999909e+02 -5.133884429931640625e+00
4.930149999999999864e+02 -4.322046279907226562e+00
4.930199999999999818e+02 -3.274771928787231445e+00
4.930249999999999773e+02 -1.508599996566772461e+00
4.930299999999999727e+02 5.412234067916870117e-01
4.930350000000000250e+02 2.452481985092163086e+00
4.930400000000000205e+02 3.583165884017944336e+00
4.930450000000000159e+02 3.568832397460937500e+00
4.930500000000000114e+02 2.591483831405639648e+00
4.930550000000000068e+02 1.144140005111694336e+00
4.930600000000000023e+02 -3.240527510643005371e-01
4.930649999999999977e+02 -1.158051967620849609e+00
4.930699999999999932e+02 -1.367414116859436035e+00
4.930749999999999886e+02 -1.398244976997375488e+00
4.930799999999999841e+02 -7.388476729393005371e-01
4.930849999999999795e+02 6.342336535453796387e-01
4.930899999999999750e+02 2.480788707733154297e+00
4.930950000000000273e+02 4.317353725433349609e+00
4.931000000000000227e+02 5.475423336029052734e+00
4.931050000000000182e+02 5.887233257293701172e+00
4.931100000000000136e+02 5.062370300292968750e+00
4.931150000000000091e+02 3.145482301712036133e+00
4.931200000000000045e+02 1.399739742279052734e+00
4.931250000000000000e+02 -3.073411881923675537e-01
4.931299999999999955e+02 -2.055686712265014648e+00
4.931349999999999909e+02 -3.663292169570922852e+00
4.931399999999999864e+02 -4.694038867950439453e+00
4.931449999999999818e+02 -5.091027736663818359e+00
4.931499999999999773e+02 -4.645322322845458984e+00
4.931549999999999727e+02 -3.382114410400390625e+00
4.931600000000000250e+02 -1.541183590888977051e+00
4.931650000000000205e+02 1.297514557838439941e+00
4.931700000000000159e+02 3.503326654434204102e+00
4.931750000000000114e+02 4.629276752471923828e+00
4.931800000000000068e+02 5.648805141448974609e+00
4.931850000000000023e+02 5.883413314819335938e+00
4.931899999999999977e+02 4.687180995941162109e+00
4.931949999999999932e+02 3.322411298751831055e+00
4.931999999999999886e+02 1.653577923774719238e+00
4.932049999999999841e+02 -4.183560609817504883e-01
4.932099999999999795e+02 -2.535898208618164062e+00
4.932149999999999750e+02 -3.915430784225463867e+00
4.932200000000000273e+02 -3.982269763946533203e+00
4.932250000000000227e+02 -3.312836885452270508e+00
4.932300000000000182e+02 -2.521777153015136719e+00
4.932350000000000136e+02 -1.252899408340454102e+00
4.932400000000000091e+02 -8.175386488437652588e-02
4.932450000000000045e+02 1.120438501238822937e-01
4.932500000000000000e+02 -3.956767022609710693e-01
4.932549999999999955e+02 5.674076080322265625e-01
4.932599999999999909e+02 2.276319980621337891e+00
4.932649999999999864e+02 2.370218515396118164e+00
4.932699999999999818e+02 2.817702054977416992e+00
4.932749999999999773e+02 3.133569955825805664e+00
4.932799999999999727e+02 1.698029398918151855e+00
4.932850000000000250e+02 3.663067817687988281e-01
4.932900000000000205e+02 -1.188115924596786499e-01
4.932950000000000159e+02 5.306659936904907227e-01
4.933000000000000114e+02 3.357246398925781250e+00
4.933050000000000068e+02 5.553980827331542969e+00
4.933100000000000023e+02 4.878611087799072266e+00
4.933149999999999977e+02 3.021736860275268555e+00
4.933199999999999932e+02 1.617050528526306152e+00
4.933249999999999886e+02 4.817115515470504761e-02
4.933299999999999841e+02 -1.575003743171691895e+00
4.933349999999999795e+02 -2.807670116424560547e+00
4.933399999999999750e+02 -4.443870544433593750e+00
4.933450000000000273e+02 -6.079634666442871094e+00
4.933500000000000227e+02 -6.249804019927978516e+00
4.933550000000000182e+02 -5.140727519989013672e+00
4.933600000000000136e+02 -3.880051136016845703e+00
4.933650000000000091e+02 -2.575064659118652344e+00
4.933700000000000045e+02 -1.171037912368774414e+00
4.933750000000000000e+02 2.138781249523162842e-01
4.933799999999999955e+02 1.773851513862609863e+00
4.933849999999999909e+02 2.368639469146728516e+00
4.933899999999999864e+02 2.684558868408203125e+00
4.933949999999999818e+02 2.953132390975952148e+00
4.933999999999999773e+02 2.698282957077026367e+00
4.934049999999999727e+02 2.023825168609619141e+00
4.934100000000000250e+02 1.373694300651550293e+00
4.934150000000000205e+02 5.428643822669982910e-01
4.934200000000000159e+02 -8.087821602821350098e-01
4.934250000000000114e+02 -1.811622023582458496e+00
4.934300000000000068e+02 -2.019547939300537109e+00
4.934350000000000023e+02 -1.924276590347290039e+00
4.934399999999999977e+02 -1.905887722969055176e+00
4.934449999999999932e+02 -1.520447373390197754e+00
4.934499999999999886e+02 -1.187564492225646973e+00
4.934549999999999841e+02 -1.259084463119506836e+00
4.934599999999999795e+02 -1.433549642562866211e+00
4.934649999999999750e+02 -1.366064667701721191e+00
4.934700000000000273e+02 -6.596078276634216309e-01
4.934750000000000227e+02 -1.590435802936553955e-01
4.934800000000000182e+02 -4.816227257251739502e-01
4.934850000000000136e+02 -6.443492174148559570e-01
4.934900000000000091e+02 -2.258756905794143677e-01
4.934950000000000045e+02 2.490687519311904907e-01
4.935000000000000000e+02 7.409565448760986328e-01
4.935049999999999955e+02 1.459590792655944824e+00
4.935099999999999909e+02 1.648285865783691406e+00
4.935149999999999864e+02 1.179769754409790039e+00
4.935199999999999818e+02 6.517457365989685059e-01
4.935249999999999773e+02 2.275398671627044678e-01
4.935299999999999727e+02 1.034910902380943298e-01
4.935350000000000250e+02 2.405047565698623657e-01
4.935400000000000205e+02 1.108128577470779419e-01
4.935450000000000159e+02 6.582728773355484009e-02
4.935500000000000114e+02 2.745201885700225830e-01
4.935550000000000068e+02 4.124112427234649658e-01
4.935600000000000023e+02 9.195259213447570801e-01
4.935649999999999977e+02 1.629062175750732422e+00
4.935699999999999932e+02 2.071023225784301758e+00
4.935749999999999886e+02 2.268866300582885742e+00
4.935799999999999841e+02 2.530129909515380859e+00
4.935849999999999795e+02 2.601138114929199219e+00
4.935899999999999750e+02 2.218657493591308594e+00
4.935950000000000273e+02 1.857897043228149414e+00
4.936000000000000227e+02 1.743430256843566895e+00
4.936050000000000182e+02 1.743206858634948730e+00
4.936100000000000136e+02 1.065790534019470215e+00
4.936150000000000091e+02 1.668433994054794312e-01
4.936200000000000045e+02 -4.241280555725097656e-01
4.936250000000000000e+02 -5.255535840988159180e-01
4.936299999999999955e+02 -8.878354728221893311e-02
4.936349999999999909e+02 6.203437447547912598e-01
4.936399999999999864e+02 1.418955087661743164e+00
4.936449999999999818e+02 2.205840110778808594e+00
4.936499999999999773e+02 2.533155441284179688e+00
4.936549999999999727e+02 3.224915504455566406e+00
4.936600000000000250e+02 4.324123382568359375e+00
4.936650000000000205e+02 4.750916004180908203e+00
4.936700000000000159e+02 4.838461875915527344e+00
4.936750000000000114e+02 4.413877010345458984e+00
4.936800000000000068e+02 3.687400102615356445e+00
4.936850000000000023e+02 2.710724115371704102e+00
4.936899999999999977e+02 1.640658736228942871e+00
4.936949999999999932e+02 4.541821181774139404e-01
4.936999999999999886e+02 -6.206572055816650391e-01
4.937049999999999841e+02 -1.956989645957946777e+00
4.937099999999999795e+02 -3.230335235595703125e+00
4.937149999999999750e+02 -3.764366388320922852e+00
4.937200000000000273e+02 -3.866622686386108398e+00
4.937250000000000227e+02 -3.586188793182373047e+00
4.937300000000000182e+02 -2.798399686813354492e+00
4.937350000000000136e+02 -1.499779939651489258e+00
4.937400000000000091e+02 -5.816721320152282715e-01
4.937450000000000045e+02 -7.589305285364389420e-03
4.937500000000000000e+02 4.826613366603851318e-01
4.937549999999999955e+02 1.097580313682556152e+00
4.937599999999999909e+02 1.447530984878540039e+00
4.937649999999999864e+02 8.466312885284423828e-01
4.937699999999999818e+02 1.571201235055923462e-01
4.937749999999999773e+02 -4.420377016067504883e-01
4.937799999999999727e+02 -1.100268959999084473e+00
4.937850000000000250e+02 -1.866656899452209473e+00
4.937900000000000205e+02 -2.549207925796508789e+00
4.937950000000000159e+02 -2.817359924316406250e+00
4.938000000000000114e+02 -3.092023611068725586e+00
4.938050000000000068e+02 -3.148193836212158203e+00
4.938100000000000023e+02 -2.692230463027954102e+00
4.938149999999999977e+02 -1.910914182662963867e+00
4.938199999999999932e+02 -1.441913247108459473e+00
4.938249999999999886e+02 -1.071079611778259277e+00
4.938299999999999841e+02 -4.100785255432128906e-01
4.938349999999999795e+02 -2.121216654777526855e-01
4.938399999999999750e+02 -2.508989274501800537e-01
4.938450000000000273e+02 -3.287669122219085693e-01
4.938500000000000227e+02 -8.519399166107177734e-02
4.938550000000000182e+02 2.695829272270202637e-01
4.938600000000000136e+02 3.029223382472991943e-01
4.938650000000000091e+02 5.486739873886108398e-01
4.938700000000000045e+02 1.136717915534973145e+00
4.938750000000000000e+02 1.281263828277587891e+00
4.938799999999999955e+02 7.173419594764709473e-01
4.938849999999999909e+02 5.808501839637756348e-01
4.938899999999999864e+02 5.994328260421752930e-01
4.938949999999999818e+02 6.097643971443176270e-01
4.938999999999999773e+02 3.898784816265106201e-01
4.939049999999999727e+02 1.579115167260169983e-02
4.939100000000000250e+02 -3.126848042011260986e-01
4.939150000000000205e+02 -8.991782665252685547e-01
4.939200000000000159e+02 -1.486972093582153320e+00
4.939250000000000114e+02 -2.077803134918212891e+00
4.939300000000000068e+02 -2.424077033996582031e+00
4.939350000000000023e+02 -2.725607395172119141e+00
4.939399999999999977e+02 -2.880749940872192383e+00
4.939449999999999932e+02 -2.617584705352783203e+00
4.939499999999999886e+02 -2.069464445114135742e+00
4.939549999999999841e+02 -1.893168807029724121e+00
4.939599999999999795e+02 -1.802008867263793945e+00
4.939649999999999750e+02 -1.249102473258972168e+00
4.939700000000000273e+02 -9.046946167945861816e-01
4.939750000000000227e+02 -9.503552913665771484e-01
4.939800000000000182e+02 -2.406306266784667969e-01
4.939850000000000136e+02 6.159153580665588379e-01
4.939900000000000091e+02 1.833431243896484375e+00
4.939950000000000045e+02 2.709962844848632812e+00
4.940000000000000000e+02 4.091677188873291016e+00
4.940049999999999955e+02 4.453910350799560547e+00
4.940099999999999909e+02 4.470382690429687500e+00
4.940149999999999864e+02 5.132340908050537109e+00
4.940199999999999818e+02 5.142300128936767578e+00
4.940249999999999773e+02 5.665260314941406250e+00
4.940299999999999727e+02 5.190890789031982422e+00
4.940350000000000250e+02 4.697845458984375000e+00
4.940400000000000205e+02 4.449356555938720703e+00
4.940450000000000159e+02 4.146571636199951172e+00
4.940500000000000114e+02 3.433734893798828125e+00
4.940550000000000068e+02 2.622732639312744141e+00
4.940600000000000023e+02 1.700965523719787598e+00
4.940649999999999977e+02 5.724365115165710449e-01
4.940699999999999932e+02 -6.138624548912048340e-01
4.940749999999999886e+02 -1.600344896316528320e+00
4.940799999999999841e+02 -2.111615657806396484e+00
4.940849999999999795e+02 -2.455214738845825195e+00
4.940899999999999750e+02 -2.693256855010986328e+00
4.940950000000000273e+02 -2.215007305145263672e+00
4.941000000000000227e+02 -1.559963822364807129e+00
4.941050000000000182e+02 -1.065637469291687012e+00
4.941100000000000136e+02 -4.071138203144073486e-01
4.941150000000000091e+02 2.913757562637329102e-01
4.941200000000000045e+02 9.824829101562500000e-01
4.941250000000000000e+02 8.665187358856201172e-01
4.941299999999999955e+02 4.278145730495452881e-01
4.941349999999999909e+02 2.045641392469406128e-01
4.941399999999999864e+02 -3.010291457176208496e-01
4.941449999999999818e+02 -9.065268635749816895e-01
4.941499999999999773e+02 -1.378234148025512695e+00
4.941549999999999727e+02 -1.868181705474853516e+00
4.941600000000000250e+02 -2.580093622207641602e+00
4.941650000000000205e+02 -3.707266807556152344e+00
4.941700000000000159e+02 -4.752338409423828125e+00
4.941750000000000114e+02 -5.421237468719482422e+00
4.941800000000000068e+02 -5.474620342254638672e+00
4.941850000000000023e+02 -5.414191246032714844e+00
4.941899999999999977e+02 -4.824687480926513672e+00
4.941949999999999932e+02 -3.569714307785034180e+00
4.941999999999999886e+02 -2.387277603149414062e+00
4.942049999999999841e+02 -1.361647963523864746e+00
4.942099999999999795e+02 -1.196881942451000214e-02
4.942149999999999750e+02 1.280374646186828613e+00
4.942200000000000273e+02 1.662264823913574219e+00
4.942250000000000227e+02 2.100626468658447266e+00
4.942300000000000182e+02 1.903494954109191895e+00
4.942350000000000136e+02 1.384057998657226562e+00
4.942400000000000091e+02 7.877388596534729004e-01
4.942450000000000045e+02 1.531960666179656982e-01
4.942500000000000000e+02 -1.095171719789505005e-01
4.942549999999999955e+02 -2.805738449096679688e-01
4.942599999999999909e+02 -4.759530723094940186e-01
4.942649999999999864e+02 -6.404891014099121094e-01
4.942699999999999818e+02 -3.541383445262908936e-01
4.942749999999999773e+02 -1.663890630006790161e-01
4.942799999999999727e+02 -7.029090076684951782e-02
4.942850000000000250e+02 4.736531972885131836e-01
4.942900000000000205e+02 9.229050874710083008e-01
4.942950000000000159e+02 1.109795451164245605e+00
4.943000000000000114e+02 1.138139963150024414e+00
4.943050000000000068e+02 1.231208920478820801e+00
4.943100000000000023e+02 1.466321587562561035e+00
4.943149999999999977e+02 1.815677762031555176e+00
4.943199999999999932e+02 2.222808122634887695e+00
4.943249999999999886e+02 2.632112741470336914e+00
4.943299999999999841e+02 2.910671710968017578e+00
4.943349999999999795e+02 2.346106052398681641e+00
4.943399999999999750e+02 1.399290442466735840e+00
4.943450000000000273e+02 5.880025625228881836e-01
4.943500000000000227e+02 -1.924417614936828613e-01
4.943550000000000182e+02 -8.169422149658203125e-01
4.943600000000000136e+02 -1.038337945938110352e+00
4.943650000000000091e+02 -9.356848597526550293e-01
4.943700000000000045e+02 -9.242489337921142578e-01
4.943750000000000000e+02 -7.499179840087890625e-01
4.943799999999999955e+02 -2.867234349250793457e-01
4.943849999999999909e+02 6.720982789993286133e-01
4.943899999999999864e+02 1.675663590431213379e+00
4.943949999999999818e+02 2.326516389846801758e+00
4.943999999999999773e+02 3.523819208145141602e+00
4.944049999999999727e+02 4.247217655181884766e+00
4.944100000000000250e+02 4.224357128143310547e+00
4.944150000000000205e+02 3.788839101791381836e+00
4.944200000000000159e+02 3.547489404678344727e+00
4.944250000000000114e+02 3.727052688598632812e+00
4.944300000000000068e+02 3.710278987884521484e+00
4.944350000000000023e+02 3.691769599914550781e+00
4.944399999999999977e+02 3.670221328735351562e+00
4.944449999999999932e+02 3.765087366104125977e+00
4.944499999999999886e+02 3.368240118026733398e+00
4.944549999999999841e+02 3.420540809631347656e+00
4.944599999999999795e+02 4.017119407653808594e+00
4.944649999999999750e+02 4.246215343475341797e+00
4.944700000000000273e+02 4.058745861053466797e+00
4.944750000000000227e+02 3.725760459899902344e+00
4.944800000000000182e+02 3.318065643310546875e+00
4.944850000000000136e+02 2.863893508911132812e+00
4.944900000000000091e+02 2.338051557540893555e+00
4.944950000000000045e+02 1.567657232284545898e+00
4.945000000000000000e+02 1.232945203781127930e+00
4.945049999999999955e+02 6.080715060234069824e-01
4.945099999999999909e+02 -4.594306051731109619e-01
4.945149999999999864e+02 -1.379675984382629395e+00
4.945199999999999818e+02 -2.408513307571411133e+00
4.945249999999999773e+02 -3.887362241744995117e+00
4.945299999999999727e+02 -5.216780662536621094e+00
4.945350000000000250e+02 -5.834686279296875000e+00
4.945400000000000205e+02 -6.242348194122314453e+00
4.945450000000000159e+02 -6.244297027587890625e+00
4.945500000000000114e+02 -6.193247318267822266e+00
4.945550000000000068e+02 -6.317683696746826172e+00
4.945600000000000023e+02 -6.207986831665039062e+00
4.945649999999999977e+02 -6.240328311920166016e+00
4.945699999999999932e+02 -6.686627388000488281e+00
4.945749999999999886e+02 -6.490911960601806641e+00
4.945799999999999841e+02 -5.936832427978515625e+00
4.945849999999999795e+02 -5.873161315917968750e+00
4.945899999999999750e+02 -5.645290851593017578e+00
4.945950000000000273e+02 -5.019528388977050781e+00
4.946000000000000227e+02 -4.522772312164306641e+00
4.946050000000000182e+02 -3.824896574020385742e+00
4.946100000000000136e+02 -2.796020984649658203e+00
4.946150000000000091e+02 -2.102482795715332031e+00
4.946200000000000045e+02 -1.282103419303894043e+00
4.946250000000000000e+02 -6.185315847396850586e-01
4.946299999999999955e+02 -1.295771002769470215e-01
4.946349999999999909e+02 3.254984319210052490e-01
4.946399999999999864e+02 3.223085701465606689e-01
4.946449999999999818e+02 -4.705981165170669556e-02
4.946499999999999773e+02 1.291531920433044434e-01
4.946549999999999727e+02 2.119771391153335571e-01
4.946600000000000250e+02 1.501561254262924194e-01
4.946650000000000205e+02 6.808284521102905273e-01
4.946700000000000159e+02 1.394810438156127930e+00
4.946750000000000114e+02 2.221733093261718750e+00
4.946800000000000068e+02 3.197648763656616211e+00
4.946850000000000023e+02 4.584053039550781250e+00
4.946899999999999977e+02 6.184173107147216797e+00
4.946949999999999932e+02 7.643556118011474609e+00
4.946999999999999886e+02 7.884945869445800781e+00
4.947049999999999841e+02 8.021651268005371094e+00
4.947099999999999795e+02 8.434187889099121094e+00
4.947149999999999750e+02 7.840708255767822266e+00
4.947200000000000273e+02 6.716857433319091797e+00
4.947250000000000227e+02 5.390154361724853516e+00
4.947300000000000182e+02 4.159450054168701172e+00
4.947350000000000136e+02 2.733711957931518555e+00
4.947400000000000091e+02 1.260194778442382812e+00
4.947450000000000045e+02 3.092364072799682617e-01
4.947500000000000000e+02 -1.091734170913696289e-01
4.947549999999999955e+02 -8.008034229278564453e-01
4.947599999999999909e+02 -1.747845053672790527e+00
4.947649999999999864e+02 -1.934722900390625000e+00
4.947699999999999818e+02 -1.940027952194213867e+00
4.947749999999999773e+02 -1.871486783027648926e+00
4.947799999999999727e+02 -1.635271787643432617e+00
4.947850000000000250e+02 -1.475504875183105469e+00
4.947900000000000205e+02 -1.431279778480529785e+00
4.947950000000000159e+02 -1.702409625053405762e+00
4.948000000000000114e+02 -2.232860088348388672e+00
4.948050000000000068e+02 -2.518752336502075195e+00
4.948100000000000023e+02 -2.401105642318725586e+00
4.948149999999999977e+02 -2.097975969314575195e+00
4.948199999999999932e+02 -1.432573676109313965e+00
4.948249999999999886e+02 -5.981945991516113281e-01
4.948299999999999841e+02 -3.146042823791503906e-01
4.948349999999999795e+02 -3.402883708477020264e-01
4.948399999999999750e+02 -3.772633075714111328e-01
4.948450000000000273e+02 -4.802614748477935791e-01
4.948500000000000227e+02 -5.254844427108764648e-01
4.948550000000000182e+02 -5.993737578392028809e-01
4.948600000000000136e+02 -8.987027406692504883e-01
4.948650000000000091e+02 -1.239728212356567383e+00
4.948700000000000045e+02 -1.486492037773132324e+00
4.948750000000000000e+02 -1.423540472984313965e+00
4.948799999999999955e+02 -9.401090145111083984e-01
4.948849999999999909e+02 -8.597769737243652344e-01
4.948899999999999864e+02 -1.546553492546081543e+00
4.948949999999999818e+02 -2.134722948074340820e+00
4.948999999999999773e+02 -2.408834457397460938e+00
4.949049999999999727e+02 -2.604321718215942383e+00
4.949100000000000250e+02 -2.487488031387329102e+00
4.949150000000000205e+02 -2.260754823684692383e+00
4.949200000000000159e+02 -1.576618671417236328e+00
4.949250000000000114e+02 -9.250583052635192871e-01
4.949300000000000068e+02 -3.842620849609375000e-01
4.949350000000000023e+02 3.111756145954132080e-01
4.949399999999999977e+02 1.191660642623901367e+00
4.949449999999999932e+02 1.519185423851013184e+00
4.949499999999999886e+02 1.719439983367919922e+00
4.949549999999999841e+02 1.903190016746520996e+00
4.949599999999999795e+02 1.816325068473815918e+00
4.949649999999999750e+02 1.381959915161132812e+00
4.949700000000000273e+02 1.014056801795959473e+00
4.949750000000000227e+02 1.130921125411987305e+00
4.949800000000000182e+02 1.418063879013061523e+00
4.949850000000000136e+02 1.253021717071533203e+00
4.949900000000000091e+02 1.396824121475219727e+00
4.949950000000000045e+02 1.649658083915710449e+00
4.950000000000000000e+02 2.208295583724975586e+00
4.950049999999999955e+02 1.929021954536437988e+00
4.950099999999999909e+02 1.767032146453857422e+00
4.950149999999999864e+02 2.303089380264282227e+00
4.950199999999999818e+02 1.932602763175964355e+00
4.950249999999999773e+02 1.897892236709594727e+00
4.950299999999999727e+02 1.519590735435485840e+00
4.950350000000000250e+02 1.775048375129699707e+00
4.950400000000000205e+02 1.938854813575744629e+00
4.950450000000000159e+02 1.971481442451477051e+00
4.950500000000000114e+02 2.026697874069213867e+00
4.950550000000000068e+02 1.884709239006042480e+00
4.950600000000000023e+02 1.010796785354614258e+00
4.950649999999999977e+02 -1.245282823219895363e-03
4.950699999999999932e+02 -5.624014139175415039e-01
4.950749999999999886e+02 -8.624938130378723145e-01
4.950799999999999841e+02 -9.158571362495422363e-01
4.950849999999999795e+02 -1.370582103729248047e+00
4.950899999999999750e+02 -1.680222153663635254e+00
4.950950000000000273e+02 -2.065441370010375977e+00
4.951000000000000227e+02 -2.897198200225830078e+00
4.951050000000000182e+02 -3.687685489654541016e+00
4.951100000000000136e+02 -3.886547327041625977e+00
4.951150000000000091e+02 -3.718356609344482422e+00
4.951200000000000045e+02 -3.645723104476928711e+00
4.951250000000000000e+02 -3.118728876113891602e+00
4.951299999999999955e+02 -2.545251607894897461e+00
4.951349999999999909e+02 -1.894017219543457031e+00
4.951399999999999864e+02 -9.995288252830505371e-01
4.951449999999999818e+02 -2.687984406948089600e-01
4.951499999999999773e+02 2.834054827690124512e-01
4.951549999999999727e+02 4.624822735786437988e-01
4.951600000000000250e+02 4.721539616584777832e-01
4.951650000000000205e+02 2.585574686527252197e-01
4.951700000000000159e+02 5.321721360087394714e-02
4.951750000000000114e+02 -3.115376234054565430e-01
4.951800000000000068e+02 -3.083718121051788330e-01
4.951850000000000023e+02 1.878153234720230103e-01
4.951899999999999977e+02 6.666292548179626465e-01
4.951949999999999932e+02 8.935071825981140137e-01
4.951999999999999886e+02 8.415162563323974609e-01
4.952049999999999841e+02 9.519855976104736328e-01
4.952099999999999795e+02 1.243591904640197754e+00
4.952149999999999750e+02 1.295858740806579590e+00
4.952200000000000273e+02 1.236927747726440430e+00
4.952250000000000227e+02 1.198848247528076172e+00
4.952300000000000182e+02 8.375947475433349609e-01
4.952350000000000136e+02 7.261107563972473145e-01
4.952400000000000091e+02 1.160640835762023926e+00
4.952450000000000045e+02 1.395359992980957031e+00
4.952500000000000000e+02 1.564924597740173340e+00
4.952549999999999955e+02 1.854380011558532715e+00
4.952599999999999909e+02 2.314547538757324219e+00
4.952649999999999864e+02 2.895908594131469727e+00
4.952699999999999818e+02 3.226635217666625977e+00
4.952749999999999773e+02 3.480044841766357422e+00
4.952799999999999727e+02 3.495851516723632812e+00
4.952850000000000250e+02 2.714577674865722656e+00
4.952900000000000205e+02 1.388596177101135254e+00
4.952950000000000159e+02 4.253221452236175537e-01
4.953000000000000114e+02 1.948458552360534668e-01
4.953050000000000068e+02 2.284740060567855835e-01
4.953100000000000023e+02 2.927713654935359955e-02
4.953149999999999977e+02 -3.699685633182525635e-02
4.953199999999999932e+02 5.093506351113319397e-02
4.953249999999999886e+02 2.691828906536102295e-01
4.953299999999999841e+02 2.207250893115997314e-01
4.953349999999999795e+02 4.146530330181121826e-01
4.953399999999999750e+02 1.114197969436645508e+00
4.953450000000000273e+02 1.453212141990661621e+00
4.953500000000000227e+02 1.584596157073974609e+00
4.953550000000000182e+02 1.997024297714233398e+00
4.953600000000000136e+02 2.690062284469604492e+00
4.953650000000000091e+02 3.003456592559814453e+00
4.953700000000000045e+02 3.301215410232543945e+00
4.953750000000000000e+02 3.916940927505493164e+00
4.953799999999999955e+02 4.058327674865722656e+00
4.953849999999999909e+02 3.289260387420654297e+00
4.953899999999999864e+02 1.953767180442810059e+00
4.953949999999999818e+02 6.430367231369018555e-01
4.953999999999999773e+02 -2.876116037368774414e-01
4.954049999999999727e+02 -9.684905409812927246e-01
4.954100000000000250e+02 -1.761436343193054199e+00
4.954150000000000205e+02 -2.614322900772094727e+00
4.954200000000000159e+02 -3.151414155960083008e+00
4.954250000000000114e+02 -3.528216838836669922e+00
4.954300000000000068e+02 -3.690434217453002930e+00
4.954350000000000023e+02 -3.422178268432617188e+00
4.954399999999999977e+02 -3.056618452072143555e+00
4.954449999999999932e+02 -2.672813177108764648e+00
4.954499999999999886e+02 -2.354161024093627930e+00
4.954549999999999841e+02 -2.235754013061523438e+00
4.954599999999999795e+02 -2.694632053375244141e+00
4.954649999999999750e+02 -3.256020784378051758e+00
4.954700000000000273e+02 -3.209711551666259766e+00
4.954750000000000227e+02 -2.775934457778930664e+00
4.954800000000000182e+02 -2.373430013656616211e+00
4.954850000000000136e+02 -2.388793468475341797e+00
4.954900000000000091e+02 -2.557923316955566406e+00
4.954950000000000045e+02 -2.697513103485107422e+00
4.955000000000000000e+02 -2.943087339401245117e+00
4.955049999999999955e+02 -2.947145700454711914e+00
4.955099999999999909e+02 -2.634540081024169922e+00
4.955149999999999864e+02 -2.270674228668212891e+00
4.955199999999999818e+02 -1.994550943374633789e+00
4.955249999999999773e+02 -1.791834115982055664e+00
4.955299999999999727e+02 -1.483995914459228516e+00
4.955350000000000250e+02 -1.376837372779846191e+00
4.955400000000000205e+02 -1.260988235473632812e+00
4.955450000000000159e+02 -6.516847610473632812e-01
4.955500000000000114e+02 5.257879495620727539e-01
4.955550000000000068e+02 1.652440071105957031e+00
4.955600000000000023e+02 2.214403629302978516e+00
4.955649999999999977e+02 2.862375497817993164e+00
4.955699999999999932e+02 3.731012582778930664e+00
4.955749999999999886e+02 4.222611904144287109e+00
4.955799999999999841e+02 3.935372352600097656e+00
4.955849999999999795e+02 3.316269636154174805e+00
4.955899999999999750e+02 2.767538070678710938e+00
4.955950000000000273e+02 1.952969551086425781e+00
4.956000000000000227e+02 9.485806822776794434e-01
4.956050000000000182e+02 5.783852338790893555e-01
4.956100000000000136e+02 3.506675064563751221e-01
4.956150000000000091e+02 -1.680807471275329590e-01
4.956200000000000045e+02 -3.371526896953582764e-01
4.956250000000000000e+02 -2.347363680601119995e-01
4.956299999999999955e+02 7.117810659110546112e-03
4.956349999999999909e+02 -3.988701477646827698e-02
4.956399999999999864e+02 -6.129208207130432129e-01
4.956449999999999818e+02 -1.258927345275878906e+00
4.956499999999999773e+02 -1.613898754119873047e+00
4.956549999999999727e+02 -1.949754476547241211e+00
4.956600000000000250e+02 -2.106644868850708008e+00
4.956650000000000205e+02 -1.673647403717041016e+00
4.956700000000000159e+02 -1.026065349578857422e+00
4.956750000000000114e+02 -6.816766858100891113e-01
4.956800000000000068e+02 -6.061648130416870117e-01
4.956850000000000023e+02 -5.949388146400451660e-01
4.956899999999999977e+02 -6.931731104850769043e-01
4.956949999999999932e+02 -1.047254085540771484e+00
4.956999999999999886e+02 -1.104651451110839844e+00
4.957049999999999841e+02 -7.602472901344299316e-01
4.957099999999999795e+02 -4.371262192726135254e-01
4.957149999999999750e+02 -2.686405479907989502e-01
4.957200000000000273e+02 2.538266591727733612e-02
4.957250000000000227e+02 5.809034109115600586e-01
4.957300000000000182e+02 1.337543249130249023e+00
4.957350000000000136e+02 2.393905639648437500e+00
4.957400000000000091e+02 3.230040311813354492e+00
4.957450000000000045e+02 3.795124292373657227e+00
4.957500000000000000e+02 3.854159832000732422e+00
4.957549999999999955e+02 3.485334873199462891e+00
4.957599999999999909e+02 2.965348243713378906e+00
4.957649999999999864e+02 2.344587802886962891e+00
4.957699999999999818e+02 1.768570303916931152e+00
4.957749999999999773e+02 1.412350058555603027e+00
4.957799999999999727e+02 1.124328851699829102e+00
4.957850000000000250e+02 8.050344586372375488e-01
4.957900000000000205e+02 8.132626414299011230e-01
4.957950000000000159e+02 1.079513549804687500e+00
4.958000000000000114e+02 1.536892771720886230e+00
4.958050000000000068e+02 1.963432312011718750e+00
4.958100000000000023e+02 1.929533958435058594e+00
4.958149999999999977e+02 1.635445237159729004e+00
4.958199999999999932e+02 1.608066558837890625e+00
4.958249999999999886e+02 8.622294664382934570e-01
4.958299999999999841e+02 -1.869774796068668365e-02
4.958349999999999795e+02 -2.606530487537384033e-01
4.958399999999999750e+02 -7.780013680458068848e-01
4.958450000000000273e+02 -1.750140428543090820e+00
4.958500000000000227e+02 -2.525069713592529297e+00
4.958550000000000182e+02 -2.816099166870117188e+00
4.958600000000000136e+02 -2.892109870910644531e+00
4.958650000000000091e+02 -2.662748813629150391e+00
4.958700000000000045e+02 -2.222712516784667969e+00
4.958750000000000000e+02 -1.320497512817382812e+00
4.958799999999999955e+02 -4.395639300346374512e-01
4.958849999999999909e+02 2.389511317014694214e-01
4.958899999999999864e+02 9.118221998214721680e-01
4.958949999999999818e+02 1.356212496757507324e+00
4.958999999999999773e+02 1.486114978790283203e+00
4.959049999999999727e+02 1.158620357513427734e+00
4.959100000000000250e+02 7.312204241752624512e-01
4.959150000000000205e+02 1.956624835729598999e-01
4.959200000000000159e+02 -6.700199246406555176e-01
4.959250000000000114e+02 -1.807186841964721680e+00
4.959300000000000068e+02 -2.651580572128295898e+00
4.959350000000000023e+02 -3.146732807159423828e+00
4.959399999999999977e+02 -3.522862911224365234e+00
4.959449999999999932e+02 -3.627070426940917969e+00
4.959499999999999886e+02 -3.140955686569213867e+00
4.959549999999999841e+02 -2.442861795425415039e+00
4.959599999999999795e+02 -1.323852777481079102e+00
4.959649999999999750e+02 -3.642586469650268555e-01
4.959700000000000273e+02 6.565845608711242676e-01
4.959750000000000227e+02 1.547117114067077637e+00
4.959800000000000182e+02 2.257384538650512695e+00
4.959850000000000136e+02 2.568895339965820312e+00
4.959900000000000091e+02 3.240072488784790039e+00
4.959950000000000045e+02 3.380442380905151367e+00
4.960000000000000000e+02 3.713243484497070312e+00
4.960049999999999955e+02 3.826249837875366211e+00
4.960099999999999909e+02 3.559177637100219727e+00
4.960149999999999864e+02 4.100483417510986328e+00
4.960199999999999818e+02 3.724385261535644531e+00
4.960249999999999773e+02 3.581984043121337891e+00
4.960299999999999727e+02 3.273217201232910156e+00
4.960350000000000250e+02 3.070005893707275391e+00
4.960400000000000205e+02 2.649607658386230469e+00
4.960450000000000159e+02 2.297842979431152344e+00
4.960500000000000114e+02 1.527774214744567871e+00
4.960550000000000068e+02 8.654328584671020508e-01
4.960600000000000023e+02 7.617030739784240723e-01
4.960649999999999977e+02 8.873260617256164551e-01
4.960699999999999932e+02 1.043357849121093750e+00
4.960749999999999886e+02 9.761210083961486816e-01
4.960799999999999841e+02 5.678997635841369629e-01
4.960849999999999795e+02 3.477659821510314941e-01
4.960899999999999750e+02 -1.230025514960289001e-01
4.960950000000000273e+02 -7.479718327522277832e-01
4.961000000000000227e+02 -1.090160012245178223e+00
4.961050000000000182e+02 -1.512705206871032715e+00
4.961100000000000136e+02 -2.167640209197998047e+00
4.961150000000000091e+02 -3.237404346466064453e+00
4.961200000000000045e+02 -4.268070220947265625e+00
4.961250000000000000e+02 -4.745772361755371094e+00
4.961299999999999955e+02 -4.733059406280517578e+00
4.961349999999999909e+02 -4.934491157531738281e+00
4.961399999999999864e+02 -4.602068901062011719e+00
4.961449999999999818e+02 -3.746654748916625977e+00
4.961499999999999773e+02 -3.293902635574340820e+00
4.961549999999999727e+02 -2.865038871765136719e+00
4.961600000000000250e+02 -2.051749467849731445e+00
4.961650000000000205e+02 -1.588999152183532715e+00
4.961700000000000159e+02 -1.472011804580688477e+00
4.961750000000000114e+02 -1.517045140266418457e+00
4.961800000000000068e+02 -1.601170182228088379e+00
4.961850000000000023e+02 -1.955910086631774902e+00
4.961899999999999977e+02 -2.587779521942138672e+00
4.961949999999999932e+02 -2.563302278518676758e+00
4.961999999999999886e+02 -1.689180374145507812e+00
4.962049999999999841e+02 -1.033547878265380859e+00
4.962099999999999795e+02 -7.488725781440734863e-01
4.962149999999999750e+02 -4.702761471271514893e-01
4.962200000000000273e+02 -3.480536043643951416e-01
4.962250000000000227e+02 -7.027754783630371094e-01
4.962300000000000182e+02 -1.194324612617492676e+00
4.962350000000000136e+02 -1.553385972976684570e+00
4.962400000000000091e+02 -1.776484966278076172e+00
4.962450000000000045e+02 -1.774574160575866699e+00
4.962500000000000000e+02 -1.631053805351257324e+00
4.962549999999999955e+02 -9.745321869850158691e-01
4.962599999999999909e+02 -2.333039045333862305e-01
4.962649999999999864e+02 2.021242976188659668e-01
4.962699999999999818e+02 2.670307755470275879e-01
4.962749999999999773e+02 1.347314268350601196e-01
4.962799999999999727e+02 2.196223884820938110e-01
4.962850000000000250e+02 7.223870158195495605e-01
4.962900000000000205e+02 1.477960467338562012e+00
4.962950000000000159e+02 2.644457101821899414e+00
4.963000000000000114e+02 3.380051612854003906e+00
4.963050000000000068e+02 3.704292058944702148e+00
4.963100000000000023e+02 4.282209873199462891e+00
4.963149999999999977e+02 4.627738475799560547e+00
4.963199999999999932e+02 4.277829170227050781e+00
4.963249999999999886e+02 3.533940553665161133e+00
4.963299999999999841e+02 2.771809339523315430e+00
4.963349999999999795e+02 2.057461500167846680e+00
4.963399999999999750e+02 1.390896201133728027e+00
4.963450000000000273e+02 7.660331726074218750e-01
4.963500000000000227e+02 5.116955041885375977e-01
4.963550000000000182e+02 8.680948615074157715e-01
4.963600000000000136e+02 1.001225829124450684e+00
4.963650000000000091e+02 8.663478493690490723e-01
4.963700000000000045e+02 7.114900350570678711e-01
4.963750000000000000e+02 1.357217729091644287e-01
4.963799999999999955e+02 -6.633145809173583984e-01
4.963849999999999909e+02 -1.352016925811767578e+00
4.963899999999999864e+02 -1.410869598388671875e+00
4.963949999999999818e+02 -1.257744669914245605e+00
4.963999999999999773e+02 -9.378157258033752441e-01
4.964049999999999727e+02 -6.443829536437988281e-01
4.964100000000000250e+02 -2.584252357482910156e-01
4.964150000000000205e+02 3.104077279567718506e-01
4.964200000000000159e+02 5.399929881095886230e-01
4.964250000000000114e+02 9.289965629577636719e-01
4.964300000000000068e+02 1.579062700271606445e+00
